248 251 47 248 97 33 109 182 254 112 30
244 90 29 246 81 16 61 152 254 115 26
28 245 255 114 151 99 125 180 243 52 20
96 91 75 137 179 174 39 181 249 247 101
11 30 6 58 62 53 74 104 224 12 10
93 137 72 154 214 214 23 116 229 52 30
69 148 108 97 179 117 59 221 240 134 59
15 28 23 49 101 121 109 208 239 221 84
10 23 109 76 70 132 235 210 247 33 21
168 94 173 201 198 239 34 150 208 14 19
195 154 89 104 111 109 166 205 238 62 33
59 134 145 86 121 152 182 166 227 38 24
49 23 30 147 89 54 121 203 255 197 78
224 60 18 90 251 30 252 164 255 156 69
196 110 34 169 117 78 251 248 243 9 14
37 225 19 174 219 41 184 230 237 32 26
129 26 76 93 75 217 17 57 243 147 60
29 17 42 57 62 109 114 145 230 239 90
1 54 7 13 55 30 1 109 232 135 55
38 34 20 52 52 44 123 168 240 135 56
64 75 94 99 127 173 135 174 238 206 81
13 41 41 85 133 163 122 183 244 76 36
238 200 247 129 118 208 248 219 248 147 67
130 80 29 72 48 29 236 234 241 79 38
8 97 96 16 126 182 3 113 233 181 71
62 29 28 62 80 121 88 164 247 140 66
96 52 27 177 122 55 66 171 248 124 53
166 82 19 79 43 28 123 163 234 34 21
19 30 51 60 88 70 78 234 253 103 45
202 201 200 249 249 249 254 254 254 170 81
138 15 1 116 39 18 197 213 246 98 44
20 13 17 9 22 79 73 102 217 93 47
45 34 38 73 108 104 126 238 248 242 90
79 103 104 73 178 218 67 232 245 242 64
99 57 96 158 156 207 116 171 245 27 17
109 143 86 76 188 175 45 231 246 179 50
66 89 33 60 200 208 44 210 255 66 26
40 97 136 102 97 67 171 215 243 94 30
75 127 60 132 220 197 45 174 209 13 15
30 57 46 147 158 124 192 227 235 64 24
138 131 57 197 236 171 88 225 231 242 65
48 45 9 81 121 89 118 225 234 253 61
101 81 24 163 162 104 193 250 248 196 53
74 131 109 127 130 88 175 162 193 33 16
41 84 38 79 154 126 118 234 239 240 60
22 27 34 64 70 60 52 164 250 117 32
47 82 97 63 115 141 74 154 205 3 9
181 44 45 74 102 99 77 251 248 133 38
69 48 55 102 119 103 94 225 249 221 55
171 51 59 92 97 93 75 231 239 100 30
211 248 240 152 242 242 89 234 245 128 48
166 80 77 92 50 62 210 216 246 156 42
71 79 52 68 180 147 167 249 249 203 54
77 107 93 108 122 78 204 254 247 55 22
88 108 100 101 127 126 210 244 249 185 49
250 239 60 251 237 96 244 249 227 98 39
4 30 60 7 41 92 10 90 236 239 56
16 25 47 177 78 31 89 179 252 45 18
28 18 56 35 42 96 123 156 240 79 25
41 19 38 52 99 135 94 220 254 173 46
220 206 188 243 242 235 244 244 245 164 56
131 47 27 74 173 108 150 236 252 252 63
133 96 85 161 151 130 120 126 216 111 33
59 65 9 48 94 35 150 186 124 19 10
9 35 45 33 106 138 77 191 248 80 26
103 60 27 60 128 208 67 166 252 127 38
156 231 247 226 247 247 247 247 238 111 46
69 72 82 61 91 113 18 126 237 252 59
143 56 93 155 65 56 102 156 253 125 35
45 21 27 247 54 26 36 194 254 143 40
82 26 19 142 85 63 254 246 242 47 20
7 17 7 38 23 26 4 66 237 49 17
192 20 70 63 101 40 86 196 244 136 38
14 21 30 55 81 85 126 204 246 86 27
36 35 46 250 179 89 54 231 255 213 57
24 30 26 52 67 65 54 149 231 84 25
21 51 29 23 85 76 101 214 232 221 54
63 84 116 64 126 207 159 204 253 161 45
8 108 73 53 174 68 17 144 235 189 49
244 51 14 249 101 69 254 215 252 92 32
114 82 25 102 86 121 198 169 251 115 34
22 38 46 48 87 115 136 202 250 130 37
57 83 87 95 149 172 147 170 151 21 13
50 17 40 107 59 59 74 135 244 137 36
32 72 244 70 228 41 16 250 168 8 14
18 30 43 60 65 73 146 180 240 42 17
15 23 22 53 89 72 59 199 246 105 31
40 47 59 79 141 156 115 248 254 233 59
24 11 50 57 65 112 185 203 250 166 44
20 43 63 89 152 206 195 239 249 241 62
22 46 30 44 111 94 45 208 247 191 49
29 27 57 80 89 77 108 238 253 248 60
21 25 212 66 110 235 130 220 251 162 47
13 22 28 22 69 115 80 169 247 239 57
27 19 18 34 53 59 92 182 250 211 51
28 16 24 109 67 38 51 154 232 213 52
48 47 60 44 85 141 65 149 247 220 53
110 157 126 95 145 160 139 179 242 245 62
66 117 100 106 124 103 155 157 221 102 31
15 73 43 54 89 109 115 133 238 129 36
108 8 113 127 55 187 144 112 248 210 52
28 25 57 52 66 120 107 146 238 78 25
11 27 29 38 69 78 85 173 244 68 23
49 241 109 143 154 207 200 205 245 226 61
63 34 19 37 50 249 30 248 254 173 49
0 24 0 27 58 50 18 99 230 124 34
18 215 32 46 72 99 123 150 250 27 15
26 36 218 139 142 236 179 231 251 64 28
8 5 12 20 40 250 50 250 252 207 55
21 15 8 28 45 39 151 233 249 40 17
92 131 139 17 22 34 91 125 242 228 55
12 17 9 18 28 41 21 102 228 93 27
17 30 26 99 144 166 171 205 213 34 17
5 15 20 27 155 242 130 204 250 168 48
46 19 13 78 98 162 61 115 248 91 27
65 28 20 45 42 50 86 157 236 215 53
59 26 41 79 100 173 214 197 179 17 12
54 65 75 60 88 130 124 167 240 188 48
27 27 96 47 55 140 117 137 224 77 24
15 36 1 37 47 45 86 119 230 136 36
74 109 53 77 125 130 127 177 241 155 42
45 86 35 55 105 115 102 149 226 156 41
4 10 4 12 12 28 87 112 236 190 47
12 23 90 9 20 96 122 137 234 219 53
2 11 5 14 19 45 27 62 199 140 36
98 48 2 162 163 83 138 198 239 90 30
73 47 4 145 139 88 143 204 234 138 39
120 80 5 187 163 71 154 181 139 9 11
85 49 2 125 104 67 90 143 240 229 56
150 105 27 85 115 123 212 237 243 35 18
85 109 15 27 68 47 135 187 244 203 51
118 138 7 43 81 42 129 191 222 78 26
96 119 11 36 63 33 119 176 228 126 34
158 177 16 59 123 79 197 236 235 42 20
64 78 10 25 61 48 138 192 240 246 59
80 73 22 45 72 76 141 210 249 221 54
99 129 12 40 92 68 132 204 246 166 44
62 73 7 27 57 48 130 189 243 230 55
150 139 34 80 135 117 210 238 228 31 17
95 123 9 36 80 54 134 187 222 75 24
106 121 8 33 68 45 116 179 237 143 39
103 114 8 33 63 48 118 175 241 155 41
27 20 44 87 63 71 160 191 249 251 60
38 37 41 60 86 66 48 212 253 189 48
26 121 173 86 208 239 151 249 251 170 52
5 80 94 62 195 220 36 231 248 228 60
15 14 29 49 38 33 36 57 95 0 5
167 16 30 210 75 109 254 159 225 6 10
18 33 249 52 84 252 73 140 252 5 13
25 29 251 44 92 254 58 160 254 121 39
7 17 248 20 51 253 31 94 253 20 16
16 16 134 5 41 144 45 145 252 247 60
54 27 18 58 49 55 86 141 230 33 14
253 253 253 253 253 253 253 253 253 194 66
15 8 14 20 19 39 11 55 130 8 6
167 222 89 86 188 98 68 246 239 226 60
10 18 16 29 37 80 12 58 228 203 49
9 8 14 30 55 82 152 215 251 181 47
96 18 19 80 35 54 35 88 225 23 11
46 165 19 159 228 70 25 198 242 194 53
7 17 246 29 57 253 45 105 255 47 22
7 16 231 9 36 235 42 103 254 213 56
7 13 229 13 39 239 37 96 251 144 41
16 10 113 3 39 124 98 197 253 196 50
46 32 29 55 72 68 114 207 250 171 45
153 86 6 140 106 37 185 229 241 211 54
11 24 148 43 78 199 198 222 243 245 61
71 94 116 128 177 217 140 177 199 33 19
23 152 231 14 90 192 61 139 241 241 61
14 7 236 9 16 239 31 70 254 113 36
6 14 232 17 49 251 41 105 250 198 54
7 11 252 24 50 255 38 99 254 114 37
10 22 252 32 62 255 47 108 255 43 22
19 10 20 46 25 31 63 93 175 5 7
41 29 47 54 92 89 64 232 253 233 57
7 83 96 18 125 183 247 252 251 152 44
6 53 34 18 78 115 165 180 201 104 30
7 51 28 15 94 118 174 181 143 53 19
6 42 35 21 65 99 175 180 240 160 43
8 11 42 11 30 101 193 179 193 82 25
33 76 83 23 74 181 48 78 244 249 60
35 114 172 55 134 207 116 129 138 7 11
7 180 82 38 55 228 92 71 240 80 28
14 189 78 53 67 233 96 84 249 180 49
20 102 83 24 89 198 89 90 250 134 38
42 85 163 56 118 226 111 137 198 29 17
26 69 100 42 95 181 80 118 243 186 48
25 152 85 43 84 230 86 58 247 190 51
11 161 91 48 78 238 87 67 246 184 50
29 51 44 31 62 93 170 180 204 106 30
7 67 42 28 83 94 168 195 245 219 54
6 31 47 33 60 108 152 171 230 152 40
31 246 143 51 100 246 143 115 216 13 15
18 203 100 33 52 223 91 73 242 94 31
17 208 86 43 70 230 89 88 245 169 47
31 242 132 61 99 236 138 114 225 34 20
40 165 104 20 129 192 222 210 232 31 18
8 18 47 25 43 88 190 193 237 144 39
15 56 42 35 70 90 163 184 231 130 36
9 209 95 44 66 233 88 62 246 108 35
19 79 87 37 96 192 79 107 250 136 39
16 174 81 40 58 237 86 61 218 65 25
26 72 96 42 101 184 69 119 248 162 44
6 60 37 29 85 96 155 181 236 170 44
9 51 39 17 97 131 169 176 152 70 23
4 19 36 24 55 98 173 180 242 225 55
18 199 97 36 56 228 91 74 246 97 32
20 205 93 48 71 240 83 80 246 126 39
28 195 99 42 52 233 87 62 226 67 26
11 214 76 40 76 225 82 77 244 134 41
20 207 91 36 58 221 87 70 240 90 31
15 210 82 40 72 222 83 68 239 100 33
22 194 94 38 52 230 89 62 225 70 26
10 215 90 44 76 233 90 74 245 154 45
8 17 48 43 66 124 233 198 175 13 10
19 38 28 66 83 97 178 178 230 185 48
15 192 99 49 61 242 90 70 247 230 60
16 201 92 40 64 234 84 81 246 152 43
31 246 134 66 88 253 122 103 140 6 13
35 243 127 66 116 250 136 90 153 7 13
31 229 149 65 115 243 124 102 246 39 22
22 207 81 44 62 238 88 63 182 46 20
17 183 96 52 51 239 93 59 252 104 34
7 26 89 18 59 178 233 209 247 147 42
15 54 72 15 91 164 201 188 141 18 12
7 61 77 15 87 157 187 196 248 228 57
8 30 60 4 61 150 203 187 169 68 23
37 73 81 24 69 138 59 105 246 239 57
7 195 95 48 69 238 101 85 244 108 35
14 183 80 51 74 246 78 75 246 236 60
25 83 83 35 93 184 78 107 254 171 45
30 79 95 40 92 158 84 126 249 248 60
43 120 168 54 124 200 119 136 173 21 14
35 60 122 41 88 183 72 98 162 38 16
27 78 109 32 86 172 81 117 233 92 29
36 77 97 38 88 158 74 122 246 245 59
15 77 96 34 96 153 64 103 200 73 24
111 130 12 44 56 1 209 231 239 114 34
165 154 23 74 82 10 240 246 234 47 20
64 43 22 41 29 21 223 236 250 140 39
171 146 20 67 81 6 242 254 169 5 10
96 59 19 36 24 15 215 226 244 220 55
26 40 36 27 10 17 7 62 240 148 39
84 100 90 65 74 113 128 131 240 180 47
8 7 15 22 7 20 8 49 246 111 30
14 17 22 37 59 50 25 176 253 172 45
249 250 251 249 250 251 250 250 251 39 33
95 68 114 115 98 195 151 119 249 234 59
75 101 62 52 153 182 63 166 168 50 20
101 154 189 187 216 226 247 250 251 204 60
14 31 33 68 114 146 116 183 237 200 51
15 124 100 76 159 134 140 202 243 81 28
28 25 38 45 52 81 52 120 229 229 55
25 25 13 34 23 34 27 74 234 255 59
17 18 33 31 59 92 51 144 249 114 31
46 31 106 55 54 175 84 115 248 239 58
33 7 35 51 65 196 117 140 253 195 50
10 14 32 57 42 41 25 115 239 70 22
67 95 121 101 173 205 109 225 255 173 49
9 62 32 91 147 98 151 251 250 253 62
25 22 33 41 48 64 50 140 245 132 35
40 30 26 62 80 68 57 178 239 80 25
54 41 52 77 116 121 103 231 248 161 44
42 34 39 84 85 68 62 182 250 44 18
45 49 43 80 100 74 74 217 254 99 30
248 221 137 247 248 237 232 248 248 182 60
225 229 24 240 251 193 241 251 251 213 65
64 93 90 25 137 225 191 75 244 184 50
58 30 7 55 57 111 84 95 229 108 31
78 89 21 42 62 51 168 213 243 251 60
118 165 4 173 183 63 71 126 193 39 18
10 7 10 14 31 56 28 115 232 214 52
22 35 28 64 93 79 72 186 247 136 37
32 31 54 69 99 90 53 228 255 203 51
29 8 17 29 72 113 74 190 254 125 35
21 15 32 28 78 126 75 183 253 219 54
20 27 70 65 60 55 16 136 238 4 7
29 49 243 70 90 105 56 236 246 220 57
25 42 66 55 75 66 46 184 254 70 23
9 23 28 47 57 50 41 147 238 7 8
34 31 62 52 105 140 95 221 252 173 47
23 20 21 45 74 73 40 176 247 198 50
10 33 33 63 75 58 58 166 245 47 18
14 35 34 55 80 73 70 168 240 45 17
31 33 58 69 102 94 56 232 254 245 60
21 16 29 36 63 71 56 188 254 225 55
18 17 19 51 67 55 28 171 253 171 44
9 32 34 47 60 45 25 150 249 20 11
13 28 27 50 68 56 34 160 250 22 12
29 37 46 51 94 86 74 226 254 166 43
27 30 39 61 74 58 21 168 255 31 14
33 32 38 53 98 92 91 230 253 176 47
21 20 24 53 69 58 26 172 251 189 48
27 30 36 64 81 68 41 183 254 67 22
26 37 35 67 94 72 43 198 254 104 31
32 39 34 48 88 78 67 209 254 120 35
29 30 35 63 79 67 40 182 254 68 23
28 28 32 69 84 71 45 186 254 78 25
32 34 48 49 103 104 77 234 254 251 61
25 33 30 64 90 69 39 195 254 109 32
36 28 39 75 85 78 45 186 254 73 24
37 36 48 48 99 101 73 229 254 211 54
27 28 45 46 86 86 67 217 255 216 54
7 31 34 58 72 58 52 162 244 35 15
19 27 29 54 61 52 39 146 238 5 8
38 39 55 77 103 85 71 234 253 249 61
18 22 28 51 71 62 30 175 250 229 56
15 28 24 57 77 60 38 175 254 39 16
13 22 27 50 58 51 37 146 240 11 9
20 21 31 64 70 60 24 156 254 24 13
31 42 54 69 101 81 44 211 254 148 41
15 27 32 56 59 45 24 133 231 6 8
26 29 35 68 85 71 51 189 254 95 29
40 42 57 68 97 81 65 232 254 215 55
22 20 33 48 68 65 28 178 254 212 53
20 35 37 61 91 73 38 195 254 115 32
28 30 46 57 100 97 64 222 254 166 45
33 36 132 59 86 102 45 213 254 118 35
30 31 51 48 90 91 66 221 254 163 44
34 35 47 47 89 85 63 221 254 176 45
33 30 41 49 98 98 77 229 254 206 52
30 34 52 60 103 100 69 225 254 185 48
27 35 35 63 86 69 40 188 254 62 22
30 40 74 67 101 94 61 234 253 222 55
30 36 51 68 101 89 55 228 254 186 48
39 35 46 69 117 116 75 226 254 191 50
23 31 30 52 86 72 85 213 253 53 20
40 42 55 48 104 109 67 229 254 250 61
18 15 33 51 51 69 64 138 237 12 9
29 35 44 52 94 84 76 225 253 173 46
17 30 30 49 68 59 29 156 247 11 9
36 36 42 59 96 83 84 228 253 181 47
34 35 49 62 104 99 69 226 254 177 47
30 31 44 48 103 106 66 225 254 213 54
20 22 28 56 74 61 34 177 255 56 20
31 20 25 30 69 82 55 190 254 243 58
17 22 18 56 67 48 18 148 248 14 10
37 38 49 49 101 101 81 235 253 204 52
12 28 36 53 58 44 37 149 247 13 10
34 37 32 59 91 76 83 215 253 130 37
26 36 32 65 92 69 40 195 254 68 23
30 28 32 68 81 67 48 184 254 51 19
24 37 39 64 94 75 40 197 254 122 34
35 27 44 51 85 85 66 216 255 162 43
30 33 46 67 99 86 53 225 255 199 51
20 21 28 55 71 71 61 161 240 29 13
33 39 36 52 92 81 63 205 254 105 32
21 34 29 61 82 63 41 177 254 38 16
25 47 44 58 97 75 51 214 254 134 38
32 32 43 45 88 84 58 220 254 230 57
34 40 48 51 94 86 69 222 254 110 33
32 33 46 42 94 95 72 228 254 176 46
29 36 55 61 93 80 63 229 254 180 48
38 38 44 56 106 108 101 236 251 196 50
34 40 51 66 113 107 99 236 254 179 48
98 15 61 177 95 160 246 179 248 52 22
165 7 68 204 73 161 250 164 251 102 33
152 27 78 189 104 159 250 218 253 205 55
113 15 47 152 76 127 234 183 254 53 21
123 25 69 170 104 159 243 210 254 170 47
84 16 52 149 95 145 228 186 253 69 25
134 14 78 173 108 199 250 214 254 210 57
98 3 59 138 61 146 217 154 252 138 39
143 17 88 189 105 191 248 207 249 198 54
92 12 55 132 76 146 206 173 254 195 51
29 89 53 104 185 168 142 249 252 188 52
18 20 43 45 93 136 95 197 248 117 34
62 25 54 102 83 130 179 180 250 133 37
3 30 4 47 149 132 68 218 216 21 14
31 3 26 55 27 72 206 191 246 26 13
25 51 18 76 103 80 96 163 231 229 56
61 71 30 115 133 73 170 224 219 9 11
71 31 60 118 74 91 205 196 245 198 51
74 16 49 141 58 70 200 165 238 45 18
73 15 49 140 60 72 201 169 240 55 20
74 19 43 137 66 70 196 178 243 68 24
76 16 43 138 57 71 197 169 245 48 19
81 31 42 131 86 88 207 211 248 187 49
54 8 35 89 49 75 177 183 251 191 48
84 13 37 129 52 77 191 158 241 59 21
52 12 45 85 54 85 163 180 251 241 59
85 18 30 127 46 49 190 130 185 1 6
77 34 50 142 89 82 211 214 247 206 53
77 16 30 131 51 55 186 156 232 28 14
92 23 46 136 69 79 211 191 246 85 28
76 30 38 128 94 88 201 223 247 182 48
86 21 39 139 74 87 207 187 248 86 28
83 31 53 134 94 101 203 222 252 252 62
51 20 40 75 55 76 155 186 250 234 57
83 26 31 129 53 55 183 152 229 8 9
70 18 40 110 79 95 206 223 250 211 54
77 32 36 123 71 64 197 201 250 37 17
84 19 39 133 47 60 187 153 237 25 13
56 80 62 141 166 127 194 240 246 100 34
35 36 47 71 95 130 145 198 254 74 25
16 40 66 51 45 49 18 103 249 235 56
24 28 47 57 62 73 85 160 246 83 25
21 20 47 66 57 68 101 158 241 16 11
29 36 64 80 105 94 70 225 253 130 37
91 115 120 220 242 247 232 246 248 122 45
25 17 45 50 76 123 112 171 245 161 43
10 44 75 39 133 161 85 244 249 133 40
39 225 47 60 158 62 127 189 234 106 34
37 53 21 75 113 81 110 202 235 42 18
22 46 26 71 113 86 105 190 222 13 11
13 52 14 57 104 71 78 180 234 248 60
22 42 14 48 88 66 86 182 234 126 35
35 58 25 72 114 81 109 204 236 89 28
15 39 7 33 68 55 65 153 238 238 57
23 39 15 60 96 69 93 182 220 18 11
19 38 14 40 78 61 80 175 232 105 31
12 40 13 55 94 69 77 174 231 165 43
14 39 11 48 87 62 71 170 230 145 39
16 37 11 42 83 62 72 176 236 248 59
18 46 15 48 92 62 72 173 226 131 36
166 199 20 83 155 96 216 239 229 24 17
36 44 1 148 135 67 20 126 236 146 39
39 69 5 140 120 43 91 147 239 160 43
106 131 3 115 147 47 185 225 190 55 22
81 112 2 100 127 45 145 194 223 142 40
3 48 46 72 89 57 137 203 239 254 61
91 137 89 115 145 66 25 185 244 29 16
17 57 69 136 113 44 149 219 250 152 42
22 43 81 67 107 168 127 178 251 114 35
12 62 63 60 159 187 49 201 249 43 20
17 30 61 123 80 46 142 181 250 127 36
22 17 39 40 95 144 69 189 254 146 40
23 46 74 65 140 192 56 188 254 130 39
1 42 43 86 98 35 120 230 247 216 53
26 59 71 106 146 167 161 209 240 138 41
70 42 76 57 68 148 155 172 255 112 33
36 53 71 201 219 238 240 249 254 230 64
2 92 40 56 129 115 144 188 236 42 18
32 64 55 183 235 249 195 248 254 176 55
23 62 71 121 104 39 125 203 242 39 17
2 20 47 64 96 133 147 193 248 89 28
17 63 74 156 125 48 198 242 250 134 40
23 53 6 119 122 31 116 221 237 62 23
93 157 48 91 189 101 44 225 238 106 34
38 64 8 108 122 48 104 196 227 125 36
51 75 119 74 97 138 97 152 246 114 34
48 60 6 19 44 38 24 100 223 27 12
51 68 10 26 53 33 16 96 188 10 8
113 73 36 140 85 66 253 204 241 165 45
96 101 51 54 95 77 57 175 240 33 15
71 150 27 96 196 95 35 213 238 71 27
80 153 47 149 212 96 40 220 242 89 32
12 144 24 84 202 102 33 195 227 55 23
23 47 12 154 115 53 138 165 249 119 35
77 96 39 22 98 80 65 212 237 209 53
45 71 30 208 174 56 188 250 240 71 27
109 116 42 169 96 61 253 172 250 25 15
55 136 36 69 151 83 27 166 238 45 19
152 121 72 200 124 72 254 246 237 60 25
121 69 67 59 114 171 47 195 253 161 45
73 15 68 99 237 14 182 249 251 117 38
23 35 113 87 94 197 239 190 254 60 24
33 68 61 118 200 213 84 221 253 120 40
104 88 65 105 120 129 154 201 239 82 28
52 37 78 43 14 37 8 86 239 67 21
33 45 54 60 161 235 134 193 249 35 20
35 56 58 97 122 126 78 150 228 233 58
60 53 29 125 185 182 61 187 186 2 10
33 57 59 74 142 182 76 190 254 201 53
54 88 133 231 173 103 253 254 254 200 56
45 17 29 93 22 29 184 131 232 76 23
43 62 22 108 103 36 142 199 229 137 38
2 53 39 89 109 52 146 220 240 223 56
39 53 34 184 156 51 140 245 251 23 16
20 28 15 69 42 36 160 154 246 250 60
40 57 8 135 129 40 122 224 245 108 33
111 162 68 203 115 41 251 203 251 91 31
117 124 43 138 181 92 251 254 241 171 49
64 72 25 21 45 36 19 99 201 10 8
0 56 17 134 65 32 171 100 237 55 20
46 56 16 116 23 22 191 95 251 53 19
37 90 3 124 140 50 139 198 238 104 32
84 137 20 194 204 76 201 249 241 177 51
132 60 29 108 51 34 185 181 237 104 31
77 67 28 106 70 48 182 171 240 242 59
2 36 10 63 118 111 155 235 247 245 60
42 95 103 190 180 49 238 248 250 11 14
76 77 12 46 85 44 61 184 236 188 47
28 63 77 73 128 170 152 210 253 124 37
47 65 42 109 155 139 71 191 248 96 31
78 76 19 115 112 40 173 207 190 17 12
101 125 6 137 162 64 195 225 226 28 17
94 137 5 100 133 34 177 225 227 114 35
238 44 16 63 35 65 47 173 250 70 24
20 26 47 52 82 74 57 219 254 106 32
19 22 29 22 60 83 47 164 250 195 49
9 6 83 12 57 178 42 129 249 76 25
24 5 199 39 112 239 50 227 253 255 66
26 7 21 27 54 77 48 166 251 96 28
14 8 24 10 40 76 39 144 252 238 56
24 7 16 7 54 95 49 173 248 232 55
29 2 47 37 82 153 49 181 254 115 34
16 18 23 24 61 80 50 163 251 26 13
24 6 43 44 73 240 42 177 254 139 41
22 23 132 41 101 165 60 213 250 126 37
25 22 34 31 92 136 58 192 255 117 34
19 4 53 32 89 227 41 181 255 228 58
30 4 254 39 99 254 43 205 250 207 57
22 7 76 59 124 227 45 183 252 41 20
28 25 73 48 107 153 81 219 255 115 35
18 18 44 51 72 254 46 212 254 197 53
26 7 44 46 74 241 44 178 255 119 37
11 19 179 37 100 237 56 186 253 206 54
28 14 28 21 67 107 69 188 254 152 41
27 15 145 45 88 223 61 169 251 26 16
26 5 43 49 113 216 31 156 252 2 10
31 13 187 54 85 247 67 153 255 0 11
30 12 148 47 91 243 47 151 253 203 55
14 9 156 30 72 235 46 128 254 33 18
30 29 50 67 85 251 68 230 252 14 15
26 18 66 37 67 111 55 169 252 253 60
23 5 155 35 81 240 47 151 255 139 41
31 30 60 41 96 129 72 207 250 108 33
31 3 58 41 109 231 45 169 251 12 13
27 28 31 55 71 56 47 187 253 220 55
40 49 62 65 105 93 92 236 254 150 42
240 43 50 89 79 95 81 250 254 169 47
27 25 30 77 83 62 68 193 254 54 20
238 50 52 86 88 104 73 253 254 250 63
51 43 58 77 115 113 98 233 253 252 61
25 34 30 68 76 55 61 175 247 13 10
65 29 27 69 64 58 71 175 246 6 9
58 52 68 84 112 101 106 239 253 223 57
238 46 51 91 83 97 89 253 254 177 48
44 46 37 68 106 79 93 238 253 159 44
33 40 50 80 103 77 84 236 254 146 40
35 34 35 73 79 55 73 198 252 33 15
31 36 32 77 92 60 69 206 254 54 20
222 45 38 79 85 87 80 254 254 213 56
188 31 6 51 49 63 53 198 250 43 18
203 37 5 53 29 47 43 164 253 47 18
217 48 58 86 92 106 87 254 255 242 61
217 36 48 101 84 95 126 242 245 191 51
227 43 50 89 83 99 89 249 250 223 57
222 42 45 82 84 96 79 248 249 168 47
225 35 44 86 79 94 84 248 251 154 44
3 132 9 66 216 94 23 254 240 101 34
10 1 8 1 229 2 7 80 255 124 38
6 133 5 33 195 63 20 249 181 7 12
6 15 35 3 103 224 26 104 171 2 9
19 5 34 6 36 170 7 79 252 187 48
21 3 37 10 56 201 14 93 254 197 51
11 64 8 21 125 51 5 90 241 245 58
8 163 11 26 246 32 6 105 191 9 12
12 9 25 7 90 219 8 86 187 2 9
30 13 72 41 104 235 47 144 254 106 34
33 29 38 45 92 98 58 205 248 222 55
38 21 31 40 81 113 66 186 250 172 45
29 13 27 37 80 116 62 184 251 179 47
148 108 28 45 34 1 231 241 220 43 19
130 85 37 53 35 21 228 234 246 129 38
132 86 37 51 31 15 226 232 242 99 31
156 131 33 43 45 4 223 241 197 30 16
30 28 55 73 100 153 104 162 246 79 26
26 51 73 111 155 184 153 206 241 160 46
23 37 62 82 118 164 108 162 234 153 42
99 137 120 108 118 106 151 170 239 156 43
131 66 32 124 106 86 203 249 243 248 62
138 58 30 129 83 75 222 222 239 83 27
132 51 42 116 94 95 189 240 241 130 38
139 47 31 129 85 102 193 197 240 28 15
137 54 53 145 111 112 216 244 242 222 57
154 51 50 149 111 124 203 235 237 212 55
148 47 46 148 108 119 197 229 230 191 50
148 60 51 139 104 104 203 230 226 241 59
142 49 35 124 78 102 185 185 240 37 17
219 145 41 67 52 22 243 250 251 167 46
54 10 8 70 16 32 139 88 153 18 10
140 29 40 195 77 69 230 185 242 52 21
145 23 46 203 59 55 225 171 248 21 14
134 23 35 185 70 69 227 181 241 115 35
154 40 46 199 100 84 239 236 251 205 54
222 223 45 113 124 41 248 248 249 154 47
93 64 31 35 21 10 223 236 250 128 37
98 65 27 45 25 14 215 231 247 182 48
90 61 28 32 15 10 205 225 247 200 51
86 59 29 42 24 20 216 233 247 192 50
67 45 24 30 19 19 194 219 245 222 55
100 84 32 32 22 11 202 229 244 228 56
122 143 14 33 48 1 216 238 242 121 36
194 177 30 49 69 6 239 251 226 27 16
111 70 27 40 22 6 226 234 248 118 35
152 103 43 69 47 22 244 242 243 46 20
19 7 10 51 51 64 75 132 224 88 26
51 45 70 43 43 59 105 157 216 79 25
3 11 12 30 17 25 5 88 250 72 23
90 29 25 91 70 77 192 228 245 201 52
23 34 38 70 88 67 56 194 254 100 30
12 42 176 15 74 206 9 109 187 42 18
199 27 28 169 34 37 68 105 247 146 40
77 34 203 25 29 234 38 92 253 84 29
43 30 40 38 62 91 54 154 252 244 59
122 25 30 45 62 82 102 236 254 190 49
44 41 37 44 82 122 80 163 246 140 38
29 26 29 68 89 109 175 224 251 61 23
111 162 190 167 198 61 138 141 249 46 23
8 26 69 85 112 162 164 199 252 27 16
126 85 134 191 143 139 220 244 253 115 38
23 20 69 77 54 54 124 163 241 63 22
52 17 41 36 39 108 117 145 243 68 23
15 8 21 65 32 40 35 99 242 168 42
28 25 58 68 60 89 167 186 247 24 13
10 6 26 17 34 77 22 109 236 156 41
62 36 57 35 45 87 47 133 246 139 38
45 18 23 49 42 61 68 128 230 18 11
70 126 95 98 176 162 88 189 192 57 23
80 50 44 54 62 99 120 167 241 198 50
92 46 46 37 182 102 195 121 253 179 48
52 40 10 91 148 157 53 144 176 25 14
124 81 34 45 27 17 220 229 244 104 32
167 128 7 230 194 70 16 129 224 46 21
109 87 13 128 125 69 179 203 161 14 11
130 163 12 132 167 66 214 237 232 58 25
80 112 2 99 124 41 151 197 220 137 38
7 12 20 26 44 78 221 240 254 55 22
16 28 34 48 66 63 27 153 248 191 49
18 32 40 64 85 69 49 190 254 53 20
29 40 61 75 120 114 78 229 253 244 61
16 29 49 68 104 89 56 224 254 94 30
17 35 35 62 84 63 24 171 254 34 16
34 37 55 75 117 113 74 228 253 198 52
25 19 212 30 65 225 60 162 253 42 20
22 31 246 59 59 102 46 197 247 106 33
22 21 21 45 62 48 32 178 254 125 36
14 15 119 62 52 88 46 174 251 101 30
7 21 250 48 30 75 33 156 223 6 10
1 14 29 46 50 46 14 132 247 13 9
27 35 57 68 99 85 66 233 253 142 40
16 39 38 57 95 73 54 216 254 89 28
17 29 50 53 89 77 60 229 254 136 38
28 32 50 69 113 110 68 224 254 244 60
26 13 143 63 89 116 66 246 253 165 45
22 28 25 51 79 75 118 206 245 235 58
27 21 33 63 65 63 140 202 251 156 42
27 16 26 45 54 66 122 189 241 214 53
35 21 25 70 84 75 147 221 249 162 44
30 35 22 68 94 74 134 212 243 125 35
14 30 22 44 82 70 98 192 237 197 49
28 10 32 61 49 64 126 179 251 70 23
30 22 18 65 68 53 129 203 247 56 21
28 16 28 57 44 47 126 180 235 2 7
22 43 35 64 95 80 144 225 249 160 44
33 17 27 76 68 59 153 216 245 131 37
30 19 36 69 65 70 138 194 252 123 34
21 30 50 70 97 79 72 231 254 133 37
50 22 28 192 110 59 201 204 245 4 10
26 28 27 51 66 65 134 202 242 152 41
26 27 37 52 67 76 130 196 247 228 56
28 17 34 65 73 83 144 201 250 144 40
34 31 19 74 92 67 138 211 242 32 15
40 23 46 62 72 112 163 205 252 132 37
24 21 14 55 60 46 123 186 221 2 8
26 20 18 58 73 67 123 192 241 59 21
13 23 26 45 72 72 94 178 236 232 57
20 24 18 65 83 66 127 201 239 12 10
35 11 36 67 45 64 138 177 252 31 15
26 15 25 41 50 62 120 187 241 183 47
26 18 22 70 67 54 145 207 248 35 16
33 41 28 71 96 77 148 224 248 107 32
31 13 33 66 51 66 132 182 251 31 14
23 34 21 55 84 67 134 214 243 176 46
23 18 19 63 63 46 132 201 243 18 11
33 34 21 76 97 69 141 214 241 57 21
32 37 21 62 88 69 137 216 247 97 30
11 19 22 41 65 65 96 177 234 253 60
24 35 21 66 96 67 130 214 243 68 23
34 33 26 74 94 83 140 214 247 156 43
19 28 16 51 82 68 105 196 239 153 41
17 30 22 45 79 66 100 192 236 240 58
28 41 18 71 104 68 136 223 241 100 30
34 12 30 67 59 60 142 210 249 99 30
26 14 35 45 49 73 121 178 247 221 54
38 23 28 70 82 73 149 222 249 112 33
30 34 15 76 101 69 144 222 242 54 21
221 215 217 77 84 61 32 177 251 182 51
38 146 173 140 174 22 5 87 248 211 55
54 54 110 120 128 210 0 60 218 227 57
28 28 13 59 79 62 107 192 238 25 13
16 34 24 46 82 70 101 194 237 187 48
24 18 29 46 69 73 121 210 250 225 55
38 10 25 70 70 73 157 219 250 139 39
19 33 21 46 79 67 119 207 242 209 52
23 28 23 52 87 78 103 205 247 248 59
33 34 19 71 91 68 131 208 242 72 24
33 13 31 60 66 73 145 216 248 206 52
34 16 27 58 70 64 123 225 250 211 53
32 13 20 57 42 38 120 188 235 8 9
33 15 20 56 53 41 137 212 246 68 23
34 9 24 57 41 46 137 199 251 46 18
30 13 37 65 63 66 140 213 248 201 50
36 13 20 55 71 71 129 225 249 237 58
17 38 27 84 127 123 169 207 196 21 13
10 18 21 38 72 109 112 169 241 168 44
23 75 1 74 117 42 171 225 241 80 27
40 20 20 40 70 78 67 194 254 141 39
29 27 15 76 108 77 145 242 248 176 46
26 38 15 66 101 70 131 221 244 77 25
14 24 22 40 62 61 112 189 241 219 54
33 22 15 61 71 62 141 212 247 78 25
35 23 19 72 74 63 133 194 243 25 13
18 33 27 49 78 72 101 188 239 152 41
31 22 30 57 66 70 140 201 250 131 37
25 2 71 60 72 211 124 188 252 12 12
36 10 27 67 54 55 143 204 246 97 29
33 5 40 53 58 112 140 197 252 56 21
26 57 27 71 118 80 143 236 240 167 45
32 35 23 66 90 72 148 224 248 147 41
30 30 16 72 90 66 130 207 243 36 16
30 40 28 78 103 78 140 219 244 122 36
28 32 21 70 93 70 136 213 244 59 21
34 8 33 52 34 57 126 158 230 1 7
33 20 24 65 71 65 149 216 240 124 36
13 11 26 43 42 50 118 180 243 205 51
38 10 29 74 63 59 153 214 248 127 35
46 11 29 71 62 69 155 210 248 133 37
26 11 33 43 42 50 124 198 248 178 46
31 56 18 69 116 76 135 234 243 162 44
32 25 19 67 81 68 149 217 247 115 34
31 32 17 70 92 67 130 210 244 55 21
17 33 22 52 85 71 109 199 238 166 44
26 27 17 59 80 64 136 214 247 61 22
5 14 13 26 47 48 69 144 206 0 6
7 13 18 31 37 31 30 139 230 3 7
24 27 26 49 70 69 126 199 244 95 29
27 11 24 53 47 50 128 190 246 126 35
26 80 21 67 147 81 108 189 244 105 32
21 28 11 67 92 89 141 210 242 13 11
21 26 24 39 56 58 115 186 237 170 44
15 27 28 44 75 74 100 189 239 253 60
32 24 21 62 73 66 144 215 251 54 21
17 28 39 44 79 66 50 217 254 171 45
51 46 29 110 122 89 165 221 244 7 10
36 33 22 41 62 63 152 214 234 4 9
25 28 19 66 78 69 119 188 240 206 51
31 29 13 59 79 60 113 195 237 40 16
24 52 20 54 105 68 129 234 244 228 57
25 38 25 58 91 74 117 204 241 187 47
26 25 13 57 77 59 112 195 238 77 25
30 29 15 60 80 62 114 197 239 82 26
31 25 29 54 64 69 133 195 245 213 52
25 35 30 52 98 114 119 205 242 105 32
33 18 20 52 63 61 127 206 242 135 37
7 7 8 46 18 40 240 179 243 26 13
24 24 26 57 89 105 146 224 251 173 46
15 45 18 46 98 67 115 221 242 199 50
10 26 22 42 72 69 98 174 238 49 18
24 8 12 50 46 38 130 208 246 49 19
25 16 31 52 54 60 125 192 249 134 37
13 12 28 33 51 66 109 184 246 219 54
30 14 29 54 50 67 138 189 251 62 22
20 14 33 38 50 52 58 192 254 197 50
31 8 28 51 37 68 124 171 252 52 19
22 13 31 46 57 72 127 196 252 140 39
26 10 36 51 68 91 145 214 251 254 61
17 23 43 56 96 90 74 224 252 99 30
23 27 44 55 93 85 86 233 255 123 35
28 16 44 115 95 77 110 238 254 173 46
26 16 25 53 60 67 139 198 251 76 25
23 14 26 49 55 63 140 195 247 90 28
28 14 24 53 56 68 136 197 252 93 28
18 13 30 39 55 70 120 191 248 231 56
36 15 37 63 74 92 159 219 251 216 54
32 15 29 67 52 57 146 194 251 59 21
28 12 33 58 60 73 148 199 251 106 31
23 14 31 45 56 70 122 191 251 187 47
23 4 29 47 56 74 124 198 250 251 60
17 18 27 38 49 46 32 160 252 66 22
107 38 48 51 91 105 85 247 251 234 58
34 13 23 65 57 67 154 200 251 70 23
30 12 32 67 62 64 150 218 253 61 22
22 4 29 39 47 65 116 192 249 169 44
33 13 35 52 62 82 154 221 251 165 43
33 7 30 61 59 73 145 209 251 114 32
18 23 30 33 78 70 58 213 252 165 43
27 14 30 60 65 73 153 207 251 147 40
27 11 24 48 42 60 129 182 248 47 18
16 7 31 53 42 65 121 173 247 170 44
6 59 35 64 128 72 44 218 248 120 34
6 79 8 66 157 86 40 214 245 100 31
8 78 7 64 153 83 38 210 242 92 29
12 8 28 26 57 87 142 225 250 145 40
13 21 18 30 48 54 138 213 249 18 11
20 9 25 52 47 52 131 189 247 101 30
13 16 29 26 50 71 123 191 242 197 49
27 15 39 42 63 93 158 225 252 211 53
32 10 31 52 49 70 133 181 248 162 42
11 7 28 19 29 68 136 192 252 35 15
32 6 28 50 34 62 128 168 248 6 8
25 24 35 54 68 75 139 202 249 167 44
12 5 37 50 48 69 116 176 249 171 44
22 13 32 41 74 73 69 217 254 205 52
10 20 23 82 156 212 39 162 253 176 48
8 10 12 35 99 158 30 144 254 159 42
8 9 29 14 44 63 88 177 244 183 46
12 16 29 22 48 73 145 214 251 99 30
13 15 27 28 52 77 137 205 251 79 25
22 17 17 38 51 39 56 191 254 83 26
32 29 41 52 106 115 88 236 253 253 62
27 11 22 53 48 62 139 190 251 51 19
10 7 32 31 47 72 109 179 248 217 53
29 12 22 60 46 53 131 183 250 41 16
21 8 33 37 53 98 127 183 250 198 49
32 11 21 50 53 82 150 195 247 33 15
36 10 34 57 60 96 157 196 250 116 33
30 3 25 45 38 75 136 195 252 96 28
26 5 30 35 25 75 113 143 228 5 7
22 6 28 40 39 64 120 177 250 70 23
25 16 30 42 57 78 138 199 248 255 61
36 6 36 54 54 95 151 201 251 168 44
14 21 93 37 28 73 158 173 253 10 10
11 71 45 39 94 57 54 205 251 199 50
23 24 39 60 100 94 74 227 254 144 40
49 15 27 83 73 85 185 225 248 50 19
23 13 23 53 58 64 142 197 248 69 23
26 9 36 66 65 69 149 221 252 129 36
28 9 34 53 58 73 138 203 251 154 41
28 11 37 54 70 91 147 216 251 226 56
23 3 27 37 15 57 105 146 249 20 11
2 20 19 31 47 37 38 155 246 40 16
17 32 49 50 87 107 180 235 248 205 52
19 10 19 52 48 48 132 193 248 30 14
5 9 35 24 39 71 107 171 244 235 56
31 17 31 61 71 87 159 208 250 149 40
27 18 28 61 56 53 144 198 250 21 12
35 10 32 64 47 72 152 184 252 17 11
19 9 34 51 55 63 126 205 248 173 45
26 11 28 50 49 66 136 189 251 75 25
17 3 31 34 24 59 121 167 251 15 11
29 11 25 49 48 66 129 183 249 95 29
27 12 29 50 50 67 135 187 249 97 29
27 43 10 68 106 62 133 228 240 68 24
31 7 38 55 42 77 136 173 250 135 37
26 34 14 56 96 67 128 230 248 164 44
19 13 29 40 55 69 120 191 249 184 47
31 18 23 52 57 63 129 192 247 127 35
30 14 27 46 45 62 122 182 250 77 24
34 7 23 51 30 59 124 165 248 34 14
35 26 25 73 83 71 142 218 244 39 17
50 32 47 83 93 112 187 238 249 240 60
33 12 34 55 62 81 159 213 251 166 43
31 9 32 61 33 53 135 171 249 4 8
15 6 35 42 49 76 133 186 250 120 34
26 16 33 53 64 76 136 199 251 175 46
13 14 21 32 42 43 111 190 244 230 55
36 12 34 69 41 59 148 183 252 11 10
17 12 33 40 51 72 123 185 247 240 58
29 7 28 62 57 59 142 211 251 144 39
21 5 30 43 42 51 123 204 251 159 42
17 10 32 30 54 79 162 235 252 146 40
18 11 30 41 54 70 117 190 250 255 60
13 19 26 27 56 72 121 197 245 253 60
37 12 31 59 67 86 149 209 250 211 52
29 11 29 54 57 72 141 196 251 144 39
26 24 18 41 55 61 199 231 251 150 41
31 7 27 51 34 64 131 173 252 34 15
20 12 27 53 64 58 132 218 247 197 50
23 14 30 43 53 70 122 184 245 232 56
28 10 24 49 47 64 128 182 248 102 30
19 124 26 49 32 255 40 196 255 74 27
7 4 8 33 41 37 30 158 254 62 20
26 27 43 61 102 95 75 228 254 174 46
23 23 28 41 104 121 64 211 246 34 16
45 44 47 106 133 144 175 241 253 113 35
5 28 34 77 148 173 107 226 251 129 38
16 25 23 35 78 109 95 174 238 147 39
27 24 24 64 94 127 135 190 244 32 15
184 196 191 59 88 108 148 204 246 74 28
174 189 187 55 80 98 152 206 247 52 22
6 7 25 27 29 48 66 141 239 84 24
22 13 30 41 51 72 142 200 248 97 29
8 23 35 12 57 84 114 203 250 226 55
29 5 32 56 60 86 153 209 249 187 48
27 12 21 70 107 126 153 235 246 180 48
26 8 27 54 45 50 140 212 253 92 28
27 8 27 57 49 54 136 208 252 93 29
23 11 28 43 50 67 125 184 246 190 48
3 39 14 42 124 83 58 243 247 169 45
5 5 8 30 46 33 28 170 249 66 22
15 24 8 7 66 86 94 203 254 221 55
25 20 8 64 65 46 145 199 227 1 7
36 17 31 58 58 72 139 190 251 63 22
28 12 25 54 52 68 140 191 251 27 14
26 17 29 59 66 70 153 206 250 113 33
27 15 29 38 54 81 139 199 249 217 54
21 16 28 36 62 83 149 224 251 184 48
32 25 12 70 97 63 152 245 249 64 23
12 9 14 41 53 39 46 181 254 28 14
24 27 19 51 106 110 122 230 242 255 62
32 12 6 63 74 60 139 223 250 79 25
2 8 17 27 69 97 101 182 243 132 36
28 45 12 61 101 61 142 235 243 86 27
28 10 25 40 31 57 113 159 243 149 38
37 9 27 61 41 65 147 181 251 13 10
11 3 34 27 50 121 106 164 248 239 58
32 8 23 57 44 46 140 210 250 50 19
20 19 24 44 71 102 126 191 247 59 21
13 15 15 30 58 78 120 188 241 228 55
28 14 26 45 57 74 146 204 250 213 53
26 6 24 49 51 66 134 191 249 160 42
36 33 25 46 83 82 148 238 252 136 38
25 18 29 50 60 71 130 197 248 245 59
35 8 24 51 49 58 140 210 249 173 45
38 6 41 60 57 89 166 212 251 180 47
33 7 28 58 42 68 147 183 252 51 19
35 8 24 60 41 64 148 183 252 38 16
26 7 29 48 47 69 130 180 248 153 41
34 11 27 53 43 65 137 183 252 53 19
28 13 34 63 55 62 139 195 251 118 33
34 14 25 59 53 66 144 191 250 75 24
37 13 15 58 47 54 142 192 248 22 12
34 16 29 57 57 70 138 190 250 115 33
32 12 29 51 57 78 151 201 250 146 39
27 14 29 53 65 84 148 202 248 181 47
30 8 37 58 66 91 153 212 250 205 51
34 6 39 55 53 86 157 207 252 186 47
27 16 33 56 63 74 147 205 251 162 42
33 12 28 66 67 79 145 195 248 144 39
31 19 33 54 68 86 147 201 247 153 41
34 7 25 54 36 62 132 170 248 11 9
32 21 38 60 62 77 147 196 250 136 37
22 9 33 41 45 71 118 176 247 214 52
27 13 26 55 61 71 138 198 251 136 37
30 12 24 52 50 66 136 188 251 73 24
21 8 35 38 41 69 117 174 249 177 45
8 64 100 84 159 191 110 162 173 36 17
61 65 110 97 119 176 134 166 236 93 30
13 10 14 8 10 38 62 111 239 233 54
27 14 24 54 59 65 142 199 250 96 29
32 13 32 56 60 74 142 197 251 154 41
21 5 22 41 39 41 120 195 243 128 35
30 12 17 52 50 58 137 198 251 61 21
27 16 23 48 52 60 131 193 250 84 26
19 10 17 18 27 58 117 184 246 39 16
18 14 21 22 43 67 122 192 244 82 26
28 6 26 47 33 61 127 168 247 10 9
24 13 33 44 65 93 139 211 248 233 57
31 5 22 27 18 60 128 169 246 8 8
21 24 38 15 41 76 137 206 251 165 44
33 7 24 52 35 63 131 175 252 41 16
31 17 29 56 61 69 143 202 251 126 34
27 16 27 53 59 65 142 197 248 111 32
36 8 23 53 60 84 148 208 247 157 42
20 10 25 42 50 68 123 185 246 245 59
5 46 164 202 224 245 238 247 250 77 34
6 19 77 78 112 185 133 166 235 94 30
3 9 10 22 10 27 35 78 238 214 51
27 12 26 52 50 68 135 187 251 32 14
19 8 18 27 59 76 127 226 249 175 46
40 10 20 57 50 83 151 190 248 106 31
32 7 27 54 36 62 137 175 250 21 12
22 6 33 38 38 67 115 169 244 177 45
29 17 26 56 61 67 145 200 250 94 29
34 9 30 57 43 69 140 180 251 45 17
21 18 19 22 52 52 54 186 252 188 47
19 4 32 55 82 118 147 214 245 211 53
7 11 8 21 46 27 48 197 251 42 16
9 174 19 36 239 148 43 246 237 9 15
12 11 15 25 52 34 44 209 255 49 18
19 20 39 40 80 80 70 220 253 95 29
20 19 22 39 66 75 176 241 254 44 18
1 20 11 63 160 218 143 222 251 117 36
19 12 29 38 47 66 121 182 244 205 51
29 7 29 53 40 68 136 178 251 68 22
29 11 23 51 47 62 138 189 251 85 26
28 4 19 58 41 44 145 206 253 56 20
33 5 22 47 27 54 129 171 252 10 9
15 19 25 33 41 39 123 200 246 243 59
32 8 19 61 46 43 149 215 251 59 21
23 11 30 39 49 76 140 195 247 156 40
20 12 25 42 49 60 126 189 247 78 24
14 1 31 37 53 73 117 202 251 253 60
37 14 34 47 57 86 165 227 252 229 56
31 10 21 49 41 60 146 188 240 4 8
38 39 53 55 106 105 90 237 253 250 61
13 16 158 28 48 132 53 169 254 96 29
31 8 18 36 61 76 133 230 251 163 43
36 4 33 44 48 81 162 228 252 143 39
23 2 17 31 55 68 112 225 247 173 45
20 5 12 25 53 69 61 182 252 41 16
27 11 35 37 53 90 151 214 252 163 43
15 25 18 38 82 91 106 197 238 112 32
19 38 32 40 86 97 124 212 244 200 51
34 12 19 49 48 78 155 199 250 69 23
29 10 19 51 48 71 152 195 251 53 19
23 5 23 17 44 82 100 208 249 38 16
33 1 24 41 39 82 144 201 250 109 31
33 10 21 37 43 70 152 220 252 23 13
30 17 34 37 52 87 153 204 251 182 46
20 1 40 44 65 127 134 200 251 166 44
31 10 23 47 48 66 149 214 251 100 30
23 3 21 39 53 56 120 231 249 148 40
26 2 16 41 43 58 123 216 252 77 24
27 8 22 39 35 49 131 208 252 51 19
31 8 21 40 44 52 145 222 240 5 8
19 5 24 30 45 62 115 209 252 223 55
