24 8 37 20 104 130 39 237 237 117 56
72 61 111 81 120 155 88 180 185 3 5
29 26 52 40 152 212 27 233 255 182 82
59 82 73 129 177 182 166 224 241 249 105
20 9 30 12 112 155 18 211 238 116 54
71 25 48 128 147 173 137 235 251 40 22
66 33 131 37 97 187 231 247 208 13 10
11 10 29 26 106 155 87 234 255 221 96
16 2 27 3 85 119 22 220 226 85 41
83 205 234 215 232 225 234 233 222 12 10
29 96 80 29 114 96 177 236 161 50 28
24 90 26 3 123 128 66 233 251 185 83
118 185 205 163 234 248 167 245 244 208 91
74 104 151 71 119 141 160 229 220 105 51
44 65 102 36 98 100 122 227 177 167 76
31 43 82 39 103 116 113 223 189 194 86
16 22 15 24 118 151 42 211 245 192 85
29 26 31 21 123 217 205 232 249 147 67
12 16 140 1 97 164 46 244 241 217 93
16 7 119 15 93 160 55 236 244 219 94
21 11 13 5 117 148 2 222 243 196 86
40 116 93 49 153 154 93 225 241 114 52
23 29 56 128 216 253 84 225 253 215 92
29 4 39 72 107 143 90 203 216 53 28
24 3 19 58 103 118 78 210 197 62 33
21 2 20 73 126 158 71 215 245 141 65
14 3 21 64 119 154 72 214 242 125 59
12 3 20 55 121 151 59 213 242 194 85
80 48 94 144 150 192 181 226 222 12 10
34 22 36 65 169 239 87 236 250 252 106
8 10 24 41 114 147 66 212 243 122 58
10 26 32 20 124 159 21 216 252 203 89
24 87 36 1 142 156 12 228 252 255 106
39 91 71 8 121 120 57 236 213 35 20
61 159 90 20 157 116 57 242 195 15 11
23 64 53 10 119 134 31 234 251 229 98
12 7 49 37 90 122 94 212 216 74 38
8 3 24 58 109 141 77 204 223 107 52
23 4 49 41 119 166 48 219 243 216 93
22 39 115 39 85 133 118 207 210 48 25
10 7 64 52 104 158 87 207 239 124 59
21 6 45 66 105 139 101 208 216 58 30
13 14 35 59 135 177 67 213 244 153 70
44 122 43 6 139 96 58 237 197 32 19
26 19 30 71 162 235 100 226 245 229 98
33 155 77 12 213 223 33 241 243 225 96
13 22 41 7 109 126 31 230 232 157 71
18 47 22 3 120 138 29 228 251 179 79
33 88 55 12 123 110 36 228 208 46 25
7 11 28 20 128 155 23 234 248 212 92
15 7 42 37 100 136 82 220 237 95 45
11 7 60 16 107 144 46 250 241 113 54
51 48 37 171 111 117 10 237 246 124 58
70 28 73 14 142 206 14 245 249 47 26
100 51 82 33 233 242 128 242 231 105 51
25 16 46 8 105 118 11 232 195 54 29
43 71 70 15 119 134 24 216 229 43 25
37 28 25 73 105 103 160 233 189 91 44
17 2 20 57 102 119 107 220 224 254 107
22 32 18 78 133 141 141 220 242 217 93
90 127 67 68 166 141 66 228 227 26 16
30 31 66 80 141 183 116 234 250 175 78
39 70 95 41 118 140 88 229 237 143 66
45 51 67 58 123 130 108 237 202 64 33
44 11 32 75 97 119 112 213 201 59 31
91 13 37 154 116 137 204 225 223 46 23
79 110 134 177 232 248 172 245 253 244 104
28 19 48 40 109 144 81 231 241 105 51
54 128 109 63 167 186 117 232 252 184 81
105 11 24 187 146 95 16 244 208 66 35
28 24 57 46 115 148 84 231 237 154 70
43 33 16 59 193 248 120 232 247 214 93
95 110 137 107 140 156 211 242 220 11 10
24 14 41 25 105 108 63 233 191 229 98
29 30 47 49 96 103 143 234 190 69 36
40 34 51 65 95 127 167 224 222 56 30
27 29 37 47 107 142 131 235 250 128 59
88 30 68 40 219 241 82 239 230 173 78
56 59 77 45 142 223 194 236 252 54 29
28 62 92 30 105 143 111 225 246 202 96
12 25 102 14 102 157 77 241 250 187 88
47 59 127 46 98 153 122 231 230 44 24
48 49 64 46 118 133 92 234 211 110 56
52 51 79 56 117 136 99 236 208 98 49
16 41 49 54 105 125 192 241 237 102 48
54 64 88 81 100 112 219 237 200 26 16
66 53 75 90 100 119 129 157 159 5 6
48 9 27 15 93 123 57 241 235 215 94
26 6 18 11 113 142 7 235 252 201 88
19 2 25 15 101 149 44 225 246 118 55
60 34 35 27 235 241 110 241 234 188 85
27 29 22 20 149 209 46 220 240 219 95
36 16 26 9 129 189 61 241 248 86 43
19 33 20 26 201 243 81 241 240 222 97
102 1 36 99 161 214 9 222 245 108 51
91 43 81 21 116 146 3 238 206 8 8
116 63 104 41 218 246 2 249 244 181 82
76 46 67 39 232 249 1 251 249 235 102
30 18 21 4 143 193 5 227 243 216 94
29 18 20 7 122 158 1 225 250 152 69
28 30 49 73 142 176 72 212 240 233 100
23 15 17 80 131 149 105 220 239 167 76
38 65 105 65 135 171 98 221 245 252 107
20 10 24 48 123 162 53 217 252 236 100
55 31 100 102 103 138 207 226 199 21 14
13 31 36 9 115 164 53 224 249 253 107
25 7 20 34 99 146 58 204 236 113 53
34 61 50 13 81 92 144 236 191 183 82
32 14 96 85 113 179 159 234 246 216 94
38 98 99 27 129 137 90 232 233 146 67
26 26 32 48 104 132 146 235 245 110 53
36 45 90 48 88 122 137 220 221 70 36
24 11 12 21 134 168 3 225 248 232 100
27 20 20 53 125 167 90 220 241 167 76
22 26 52 26 122 149 36 236 251 193 84
20 17 17 30 106 133 67 219 248 161 73
37 77 85 41 106 98 100 228 192 182 82
43 153 44 63 95 114 12 250 218 126 59
19 22 105 1 105 149 25 245 242 170 77
39 28 132 95 96 162 203 227 236 97 47
18 5 14 11 99 93 5 226 167 80 41
15 15 28 4 109 131 22 228 236 149 68
45 98 128 106 131 126 157 231 231 146 68
21 15 39 18 124 170 16 220 249 209 91
10 21 40 26 122 164 30 213 251 180 81
49 43 100 15 118 151 9 225 211 30 18
34 81 47 19 104 124 163 240 219 48 27
21 44 27 13 131 162 21 221 255 139 65
116 74 155 149 165 152 59 207 167 3 6
36 5 40 61 120 166 49 231 254 250 107
44 30 57 69 104 146 180 231 212 29 18
39 96 98 26 115 130 103 230 245 176 80
18 90 12 4 146 139 39 231 246 188 85
17 1 20 102 129 167 144 207 247 230 100
35 88 100 37 125 154 88 215 247 254 108
39 51 51 42 129 143 38 215 227 159 73
64 7 123 109 107 168 177 251 237 161 74
19 33 29 28 102 156 159 237 251 228 99
26 5 60 2 87 105 13 229 186 66 34
48 27 36 118 139 169 161 223 251 240 103
38 27 36 65 128 157 73 219 252 218 94
30 11 31 85 125 162 115 223 251 200 89
42 52 77 81 126 143 154 225 229 87 43
93 55 98 28 164 224 1 243 247 140 66
179 192 204 43 158 176 20 229 232 11 10
51 28 53 26 124 178 56 238 252 37 21
38 46 81 69 111 119 120 227 191 215 95
33 43 35 79 138 152 109 219 244 245 105
107 170 49 36 158 113 44 217 202 40 23
51 155 128 42 181 190 83 238 243 141 66
42 40 67 70 136 166 61 216 242 171 77
45 55 91 78 123 148 135 220 225 87 45
47 54 96 73 115 142 130 215 218 78 41
155 216 252 233 249 253 253 253 248 126 61
10 21 26 17 92 136 104 231 251 225 98
39 81 75 92 154 154 164 245 244 233 101
94 82 204 123 128 164 191 235 196 16 12
100 86 78 150 158 177 236 245 253 40 24
122 52 74 43 192 247 32 240 241 109 52
36 63 84 48 140 172 48 223 254 243 105
29 17 64 70 112 164 117 214 247 253 108
29 10 51 72 114 154 124 231 250 200 89
20 12 39 12 110 154 18 221 253 200 89
92 115 175 4 100 103 37 245 188 36 21
137 40 168 183 148 169 172 235 176 6 8
25 38 61 27 98 115 92 234 216 232 101
24 9 25 79 125 153 105 221 244 227 98
66 184 173 23 135 119 78 180 152 5 7
46 90 109 31 115 129 103 234 222 135 64
43 95 99 32 119 136 97 222 239 167 77
48 97 106 30 110 122 105 223 231 140 66
19 6 91 5 108 175 9 231 253 218 95
87 81 102 45 135 146 31 229 208 14 11
40 2 28 87 106 133 122 217 228 129 61
19 11 32 64 113 145 104 210 230 90 45
90 58 98 187 136 161 238 163 170 1 4
143 195 213 27 179 220 15 244 251 72 37
30 25 35 34 80 126 194 234 217 40 23
35 16 83 60 113 126 134 245 190 94 45
29 9 58 25 89 112 58 235 193 80 41
19 15 128 12 99 159 53 247 240 211 92
45 132 51 45 126 87 177 201 144 14 10
26 89 31 80 125 109 144 244 213 149 68
42 17 44 15 115 164 16 211 243 68 35
48 52 82 62 122 144 132 234 221 81 41
30 103 77 32 147 148 84 229 246 201 89
66 52 100 109 122 143 189 226 188 31 18
17 23 49 146 102 105 15 247 215 67 35
16 36 44 12 111 133 38 223 239 146 68
30 25 28 25 109 151 53 213 248 110 52
35 8 18 61 120 163 90 218 253 234 100
17 22 46 55 122 157 95 215 240 236 101
102 73 68 190 156 140 238 195 171 3 5
40 29 53 52 107 133 105 234 237 206 90
41 12 62 42 98 120 71 239 197 44 24
25 8 31 57 98 134 122 221 246 155 71
97 48 110 175 144 187 227 230 236 17 12
49 15 30 94 103 114 162 214 175 50 24
22 10 28 28 94 167 137 227 253 215 94
46 34 68 74 120 156 109 214 224 30 17
35 15 37 36 145 209 29 221 248 182 82
16 58 101 35 129 150 34 215 229 147 68
18 68 50 5 131 167 50 223 245 247 105
37 74 79 7 114 135 16 212 228 149 68
38 98 95 129 108 106 7 227 213 66 34
43 66 60 52 148 161 32 217 240 255 108
37 64 79 79 129 152 137 212 243 190 84
32 25 61 30 71 115 178 233 188 27 16
35 25 73 38 69 126 198 237 197 29 17
31 8 30 15 105 142 22 238 251 130 58
63 51 52 53 120 175 178 235 243 36 19
101 82 83 127 212 243 228 243 243 115 55
74 60 54 143 196 241 212 237 240 130 60
74 102 73 84 152 168 205 243 215 6 6
15 13 16 18 94 134 103 236 254 209 91
36 44 14 41 184 241 153 236 238 246 104
16 41 3 14 121 161 97 221 241 251 105
19 20 25 8 106 161 40 214 250 233 99
26 22 24 23 110 154 27 197 240 128 58
17 9 17 37 114 162 74 216 243 216 92
18 11 21 33 109 157 76 218 245 207 89
24 11 25 38 94 139 99 211 233 88 43
47 75 45 99 157 155 134 219 240 210 91
18 16 16 24 104 142 66 216 243 158 71
21 48 61 56 117 146 119 214 241 253 106
20 11 18 29 104 151 75 217 247 182 80
24 63 16 6 116 145 112 234 246 209 90
34 75 46 25 115 151 147 232 246 134 62
18 65 17 14 125 155 111 224 239 240 101
20 61 20 16 118 152 119 221 239 229 97
40 70 28 20 97 117 145 227 222 85 42
27 16 25 36 91 129 98 215 227 74 37
25 19 26 34 99 132 96 222 231 84 41
29 18 30 31 83 118 104 222 220 64 33
23 19 27 38 113 157 96 225 250 138 62
45 69 63 58 121 128 112 215 221 82 41
41 76 84 71 134 148 120 219 236 106 51
43 76 85 71 133 150 117 218 238 117 55
25 50 56 63 133 156 92 213 242 185 82
34 68 81 70 131 150 125 223 242 122 57
65 73 120 77 115 125 156 225 191 34 19
38 54 80 58 130 166 84 217 244 201 88
28 48 66 54 119 136 97 220 226 143 66
30 35 67 48 109 136 88 214 228 133 60
17 16 26 80 125 154 120 213 244 133 62
44 89 128 105 110 103 192 229 212 94 46
44 71 36 64 143 137 78 208 220 98 48
61 86 115 81 119 124 193 226 193 40 22
38 45 79 41 86 109 146 232 208 113 54
27 45 52 50 118 143 119 225 244 179 80
24 11 32 39 101 149 97 215 242 97 47
16 11 15 24 101 140 74 219 244 151 68
44 74 99 65 120 144 151 224 233 101 49
31 21 36 49 99 126 104 214 205 43 23
19 18 22 36 113 155 92 227 252 127 60
47 97 140 168 103 107 104 244 197 25 15
27 39 106 53 109 152 137 234 232 180 81
51 39 109 79 95 154 168 220 240 109 51
31 15 24 40 89 116 89 213 198 54 27
66 64 72 85 127 156 198 235 217 12 9
29 80 33 24 112 103 130 236 200 64 33
60 105 84 50 146 175 223 250 211 11 9
38 38 24 83 126 126 152 236 222 155 72
51 63 24 100 154 135 157 230 223 87 43
25 2 18 91 112 146 164 215 240 168 77
15 2 26 1 86 96 13 229 196 229 99
19 6 30 25 114 151 23 215 240 115 55
33 14 22 89 128 150 124 225 241 195 86
42 16 27 124 125 127 180 219 196 63 33
30 10 21 90 130 155 120 230 250 236 102
86 18 48 17 109 148 15 237 244 43 23
27 24 18 89 133 147 125 218 239 239 103
44 18 30 109 121 131 164 218 207 70 36
35 16 36 23 150 213 16 228 250 177 81
42 152 28 129 190 213 14 237 228 189 84
22 14 28 31 113 160 50 214 249 121 58
53 35 32 61 202 241 70 239 240 206 91
11 28 181 25 79 132 162 251 192 87 42
20 8 18 36 86 93 100 228 202 197 88
29 6 30 23 100 132 26 215 221 76 39
31 43 42 43 111 142 118 236 250 247 106
29 58 67 12 114 105 38 226 178 162 74
42 10 111 28 79 119 52 228 165 22 15
14 54 64 30 112 155 133 234 249 233 101
28 29 28 106 93 97 21 225 223 69 36
14 3 34 5 106 143 7 228 242 156 72
11 18 12 25 112 158 96 220 244 140 64
23 23 36 9 131 181 11 231 250 249 106
75 132 190 122 146 145 213 234 217 71 36
46 105 147 161 105 114 66 242 222 134 63
26 14 73 60 101 149 111 217 234 126 60
39 34 173 136 106 135 159 216 219 75 39
36 0 31 108 125 144 54 215 252 153 70
26 51 75 66 125 152 138 227 246 225 97
12 20 19 31 104 142 98 216 245 162 74
20 3 21 60 126 147 53 213 214 117 56
36 3 41 97 113 162 149 217 250 103 50
16 20 24 34 120 162 64 221 253 204 89
24 15 31 37 82 106 121 222 205 55 29
13 5 11 9 109 133 34 232 235 177 79
36 17 29 104 116 150 173 206 237 102 50
47 19 101 46 113 139 59 242 204 67 35
57 2 37 85 114 146 69 216 224 97 48
11 10 24 11 83 153 126 226 251 190 85
30 12 20 14 95 112 33 217 186 46 26
41 61 72 86 136 147 152 225 236 97 48
50 90 71 9 130 139 17 224 236 64 33
22 3 32 145 131 118 13 229 245 156 71
27 36 73 85 120 149 172 219 231 81 40
69 89 64 83 135 108 160 229 186 106 52
34 18 7 29 117 103 20 227 179 74 38
21 91 135 5 91 93 123 237 174 127 60
39 7 39 119 132 160 111 221 226 78 40
21 12 19 55 122 151 65 217 246 189 84
29 17 189 24 85 170 78 238 212 60 32
42 6 7 98 121 124 123 217 188 51 27
19 40 45 52 132 148 78 219 231 140 65
55 121 144 48 111 115 171 238 211 96 47
37 19 170 44 89 158 110 250 226 134 62
39 48 27 43 142 159 27 219 250 215 94
18 26 39 10 123 152 4 220 240 119 56
24 0 18 3 92 115 14 223 223 128 60
54 56 84 56 132 172 53 219 254 192 85
49 131 131 23 147 154 60 227 238 117 54
101 87 139 55 130 124 72 242 184 30 17
40 104 104 130 102 103 39 241 232 119 56
34 9 140 146 136 152 166 240 193 96 47
62 53 30 140 146 126 157 182 165 7 6
14 2 15 4 97 86 31 237 183 224 96
24 9 64 17 101 166 60 228 246 158 72
20 39 13 15 117 147 67 224 250 129 59
30 27 30 35 118 155 31 199 241 132 62
94 230 127 197 137 132 197 234 187 13 9
34 23 49 58 114 142 107 231 238 175 79
56 118 181 159 183 195 211 238 248 144 65
30 9 36 35 114 150 39 216 236 80 40
93 13 76 120 107 109 156 231 154 10 8
39 53 20 91 198 235 121 229 235 232 99
40 44 24 92 188 238 107 226 239 245 104
47 4 45 13 114 156 2 230 237 63 31
96 210 207 202 249 233 45 233 248 159 72
31 195 27 67 120 124 1 239 203 55 29
29 125 30 4 164 136 11 218 229 180 81
27 120 33 7 160 143 12 208 229 196 85
110 116 85 138 177 146 160 234 196 15 10
32 40 93 129 131 143 202 221 232 163 74
19 24 26 183 133 121 70 225 248 120 55
15 25 152 2 94 164 21 238 240 139 64
33 6 46 14 116 149 5 228 215 32 18
109 52 155 173 93 121 181 122 106 0 4
114 134 156 222 237 249 236 246 251 132 61
11 10 31 13 84 142 89 222 248 175 79
24 6 12 10 89 74 18 217 145 48 25
7 12 109 1 96 138 49 249 227 152 70
19 26 23 18 151 214 45 224 247 229 98
49 13 82 3 92 150 5 225 242 105 50
39 31 97 140 211 237 78 239 229 214 93
43 4 38 151 140 144 68 217 250 123 57
114 55 154 93 164 239 69 249 254 58 30
52 52 51 58 100 100 151 236 184 18 12
76 70 86 93 131 149 160 229 202 9 8
11 10 19 9 108 125 46 243 238 150 69
21 54 22 1 132 179 44 209 238 184 82
14 15 22 5 124 166 7 230 251 245 104
25 4 34 107 117 159 155 212 241 114 53
23 11 61 81 117 159 111 216 236 174 78
56 41 62 97 136 159 106 214 234 44 24
46 27 44 34 187 239 3 242 235 250 106
20 21 28 4 124 167 5 226 250 250 106
26 16 33 59 125 157 46 205 239 97 47
47 41 50 4 138 183 2 233 251 72 36
164 121 149 226 163 166 248 177 165 1 4
76 34 68 37 178 248 55 248 249 98 48
53 33 59 36 159 227 59 242 247 58 30
75 25 73 36 134 187 68 250 252 24 15
87 57 90 50 202 245 46 253 244 83 42
26 35 160 44 155 225 39 247 243 130 61
94 146 171 181 231 249 191 233 248 150 69
40 31 32 87 150 173 64 214 245 152 70
38 65 61 43 138 156 69 238 255 137 63
31 48 68 84 130 145 152 226 234 160 73
33 18 25 22 163 223 10 227 230 255 108
39 49 76 155 182 209 211 236 250 36 20
56 65 107 38 112 136 81 231 214 117 55
50 12 32 35 105 139 47 223 227 125 57
16 33 36 35 124 141 57 216 228 86 43
14 5 84 8 108 162 14 240 251 221 95
12 12 106 5 104 169 17 233 251 212 92
67 103 49 132 132 114 168 217 191 92 45
80 17 144 154 94 103 61 240 197 42 23
16 7 101 2 83 121 30 244 199 220 96
24 14 30 57 122 155 59 213 243 188 83
56 77 112 68 123 138 142 234 213 103 49
31 37 40 49 125 125 70 222 208 227 97
14 20 31 21 96 131 99 229 239 124 58
44 79 83 68 136 145 116 225 234 162 73
59 95 132 83 135 145 185 234 214 67 34
16 20 32 23 100 136 106 239 243 151 69
43 73 59 73 136 148 127 223 250 233 100
53 78 82 85 142 155 130 226 243 185 82
25 2 15 97 128 154 120 214 231 146 66
20 8 21 65 123 153 82 218 247 204 89
29 29 44 34 115 128 75 237 210 65 33
28 2 39 5 99 127 16 241 228 107 51
33 7 34 21 143 216 41 231 246 141 64
48 112 95 2 125 121 19 226 217 119 55
25 6 31 17 113 165 20 211 245 141 65
10 15 25 12 112 158 21 206 248 229 98
32 18 15 15 155 205 12 231 230 242 103
12 17 22 26 113 153 50 205 239 181 80
36 7 44 31 87 75 71 239 147 35 19
57 40 93 31 98 95 53 217 148 10 8
196 200 201 246 248 248 250 250 250 151 69
61 90 102 88 121 127 138 232 233 174 78
60 100 132 28 131 157 58 228 226 29 17
37 5 75 28 117 174 20 238 254 222 96
14 6 41 18 118 172 25 219 248 224 96
28 40 34 12 101 157 109 232 253 189 83
35 33 37 36 97 137 117 225 252 162 73
50 118 76 108 138 132 137 216 201 75 37
34 35 61 85 138 170 112 226 250 86 42
166 193 196 197 203 178 224 226 199 3 5
47 54 64 102 132 134 178 235 219 128 59
44 116 129 143 120 122 27 245 241 189 84
32 17 58 98 129 166 146 222 239 191 85
44 25 43 113 126 132 190 214 196 55 28
69 147 153 164 124 107 82 254 216 80 40
32 26 48 30 82 116 110 230 199 57 30
11 29 21 23 110 150 86 218 243 216 93
48 83 120 62 116 133 146 225 213 114 54
140 192 56 231 151 132 9 254 184 14 10
37 4 37 60 107 108 96 233 191 221 96
45 60 96 70 129 144 138 235 212 249 105
69 112 170 108 111 111 178 223 207 113 53
119 37 44 181 130 145 217 222 208 37 20
30 72 85 102 79 74 95 246 165 144 66
31 41 60 28 119 165 26 197 240 137 63
77 44 146 70 108 121 50 233 180 23 14
129 147 219 213 188 195 234 236 245 44 23
40 69 71 48 185 251 51 233 254 242 104
41 61 71 69 167 212 69 221 235 180 80
61 66 127 99 115 93 42 240 192 39 22
25 23 69 9 103 110 48 238 203 240 102
39 125 27 110 112 137 26 242 237 213 92
64 118 139 99 170 175 155 240 242 200 88
70 126 154 105 131 95 122 235 203 98 48
21 2 49 16 118 158 3 233 235 172 78
18 0 48 6 105 147 22 234 219 78 39
9 8 14 12 95 139 62 214 244 149 68
21 15 28 14 85 144 91 214 213 69 35
46 38 86 67 97 117 135 207 181 32 18
17 3 60 24 112 143 26 229 209 80 41
74 59 83 110 122 134 173 216 208 67 35
41 67 93 57 122 141 108 219 219 111 54
52 18 50 98 128 168 120 218 247 211 93
12 37 110 28 86 143 121 218 238 146 66
51 49 90 18 117 167 35 232 252 244 104
54 98 27 4 143 149 6 223 248 219 95
44 67 61 25 124 134 28 217 228 110 52
160 186 66 214 242 228 163 241 236 194 86
39 2 16 50 113 142 55 219 232 167 75
112 126 143 164 175 186 226 234 239 14 10
66 21 85 121 113 142 182 219 179 35 20
75 114 161 148 144 137 214 224 192 45 25
41 59 93 68 134 136 115 227 188 105 50
45 71 106 56 130 156 114 232 228 151 69
30 46 70 26 102 119 87 233 217 224 97
62 107 167 116 144 133 168 221 177 23 14
25 34 62 40 119 124 85 229 195 208 92
40 60 90 91 119 126 13 229 246 140 65
53 57 103 68 113 131 161 237 204 97 48
48 57 99 76 126 157 152 238 231 137 62
73 103 172 149 114 123 208 130 112 0 4
52 49 107 83 108 109 171 215 148 48 26
39 35 59 70 116 130 180 237 199 69 35
52 43 70 93 98 100 129 161 125 13 10
35 32 63 55 114 145 108 234 241 165 76
55 144 141 4 128 137 45 231 211 20 12
40 9 31 33 98 111 58 230 217 83 41
26 25 90 20 129 175 9 220 228 170 77
71 83 135 97 136 148 178 236 192 27 16
24 16 41 27 107 109 71 235 192 208 94
7 17 3 9 106 164 99 222 242 222 96
30 19 25 11 89 139 84 228 248 202 88
26 23 22 19 93 128 81 225 247 109 52
19 42 7 12 110 150 96 215 239 109 51
30 72 45 4 124 133 14 220 240 161 73
12 15 17 17 104 145 70 222 250 114 52
33 143 28 5 160 93 38 239 188 58 30
53 72 134 113 127 127 178 239 195 111 53
28 8 18 12 94 114 75 242 222 79 40
30 33 32 18 101 172 188 243 250 71 36
50 17 86 68 116 121 125 246 179 195 86
47 58 85 59 105 130 144 225 220 236 101
42 50 90 63 106 120 122 217 179 140 63
48 51 75 62 101 118 135 229 202 196 86
35 19 22 19 47 77 124 170 129 20 12
12 11 17 11 118 143 30 231 234 156 71
87 145 200 159 145 125 230 228 185 44 23
53 21 94 16 126 170 10 243 208 12 9
23 20 21 9 116 134 22 243 252 232 100
29 43 38 4 102 129 22 210 227 92 45
18 81 93 1 117 138 36 232 243 125 59
53 23 39 27 124 228 153 230 249 101 49
62 25 67 34 166 240 25 237 248 69 35
64 67 53 25 200 244 20 243 244 97 47
37 37 37 19 89 135 136 246 211 35 20
101 136 202 199 144 118 187 187 183 13 9
62 45 246 6 45 138 14 123 110 1 4
39 13 45 8 95 124 58 231 174 12 9
39 24 186 19 69 124 50 197 145 20 13
22 4 134 1 61 104 41 239 197 114 55
108 176 197 169 172 126 159 225 219 31 18
9 25 52 10 100 154 91 235 250 215 94
20 1 25 1 91 120 9 221 227 99 48
212 229 241 236 244 245 246 246 246 70 36
42 65 85 29 99 108 80 218 195 194 86
31 34 48 54 126 151 74 229 253 205 90
45 62 45 40 128 133 34 205 214 47 24
49 90 57 71 141 132 112 213 216 43 24
19 20 63 21 92 150 109 227 249 74 37
45 22 21 20 96 162 167 236 250 44 24
11 19 16 18 109 178 147 226 252 133 61
35 18 36 111 129 147 184 222 226 54 29
13 20 36 8 89 158 122 235 248 208 91
36 28 44 4 83 96 31 227 200 67 34
48 47 86 71 111 122 144 224 188 25 15
25 21 15 10 97 142 73 234 253 244 104
16 21 147 2 114 186 20 244 247 177 79
30 27 182 12 88 162 22 236 230 55 29
19 42 20 7 118 137 16 229 254 225 97
17 15 15 60 138 168 52 210 239 230 98
16 11 50 78 142 190 99 227 250 103 49
83 83 77 172 183 193 239 248 250 33 18
51 26 60 55 92 119 116 226 211 79 39
13 12 18 13 134 172 1 224 250 147 67
51 121 48 6 155 147 11 227 233 24 14
16 6 16 14 122 146 4 234 245 179 80
18 91 24 63 134 124 67 221 218 135 61
32 78 44 13 94 120 147 234 225 119 55
23 3 40 76 97 135 169 218 211 59 30
17 15 25 15 100 157 69 218 248 219 95
27 25 27 17 94 137 105 229 216 63 31
14 27 38 8 123 193 76 231 250 182 82
19 41 38 47 103 139 174 231 245 166 75
18 16 51 48 108 151 108 229 249 176 78
19 2 80 3 84 135 31 228 229 95 46
10 19 18 7 100 137 63 224 250 163 74
8 18 38 42 128 166 44 221 253 240 102
20 7 20 5 89 119 50 235 233 94 45
31 27 82 93 137 188 147 233 245 44 24
75 60 105 154 136 155 223 190 185 4 5
52 104 139 107 122 89 204 245 168 86 43
67 105 109 70 132 131 148 226 206 113 54
96 56 70 136 128 137 205 224 218 74 37
72 27 73 130 115 148 198 222 232 93 46
58 29 64 88 101 123 165 219 199 104 49
94 98 72 116 128 104 191 232 201 65 32
37 14 52 6 88 94 38 240 181 29 17
71 67 66 130 137 156 229 230 234 25 14
86 49 68 35 225 251 18 252 251 174 78
118 16 89 184 148 162 65 218 251 49 25
162 115 69 247 247 242 214 245 248 110 51
41 10 18 59 120 139 33 208 223 114 54
18 1 21 7 95 129 21 227 238 113 54
31 61 30 67 142 146 142 235 241 103 50
21 7 96 19 112 166 37 244 249 218 94
12 9 14 43 115 155 93 220 240 237 101
44 23 32 37 133 176 24 215 224 205 88
6 25 52 30 111 145 83 229 253 239 102
69 34 58 111 132 155 156 224 228 21 13
29 28 31 35 118 153 64 232 253 146 66
36 75 39 98 212 244 141 238 249 178 80
13 12 21 18 120 139 16 218 224 99 48
109 164 210 190 197 199 230 240 239 136 63
86 154 199 155 152 127 222 233 198 71 36
22 23 28 39 82 121 151 223 225 79 39
13 10 13 23 126 146 25 233 245 226 97
16 17 22 13 110 163 39 213 248 213 92
72 46 70 121 154 179 127 227 234 14 10
29 5 25 19 99 128 41 235 239 108 52
63 51 54 82 214 243 75 243 241 185 82
116 92 94 187 167 164 236 224 214 9 7
60 45 62 49 103 144 125 227 241 23 14
23 12 20 27 136 173 9 221 248 149 68
20 31 91 30 137 201 51 231 241 139 65
13 8 15 0 105 128 4 215 230 160 73
7 19 29 47 140 182 57 217 242 181 80
37 45 72 89 156 203 108 227 247 139 64
21 21 27 29 119 167 39 204 236 234 100
27 34 56 63 133 170 72 213 243 151 68
122 112 96 235 149 131 38 224 187 5 5
59 65 99 80 134 150 153 237 215 130 61
25 12 57 12 92 115 56 244 219 168 75
25 15 92 27 94 130 59 226 215 66 34
26 24 74 31 130 188 35 212 233 184 82
175 212 235 189 178 147 124 132 132 0 4
73 135 164 103 129 103 48 237 244 107 52
51 93 107 43 134 140 55 234 244 218 95
31 5 23 3 100 132 7 231 249 123 58
53 110 21 13 151 138 35 223 237 243 103
173 206 209 129 139 125 213 194 157 3 5
66 146 90 31 150 140 83 226 232 143 66
87 154 86 35 137 117 111 228 218 67 34
21 10 14 3 100 168 71 214 239 244 104
38 43 86 46 115 159 73 218 242 133 61
65 107 48 4 131 134 34 230 250 171 77
28 7 20 10 109 158 7 204 237 136 63
44 16 39 120 118 137 201 211 206 60 31
7 13 42 11 72 108 106 228 226 252 107
71 110 65 22 111 148 225 248 204 16 10
13 25 48 35 87 120 167 241 231 177 78
47 20 44 63 91 125 134 219 212 61 31
27 27 18 34 115 145 78 228 242 153 70
27 74 37 20 109 102 95 224 209 99 48
48 36 40 67 97 120 167 225 225 105 50
43 5 32 113 112 126 59 219 252 121 57
204 231 248 207 227 240 243 251 251 9 7
59 22 47 41 142 202 72 244 250 62 32
49 12 121 85 140 197 94 248 253 164 75
59 33 151 64 108 133 118 247 179 18 12
41 54 30 27 102 137 156 237 229 143 67
77 48 68 98 99 111 191 227 198 47 26
26 40 48 20 118 156 43 225 254 197 87
25 27 52 70 118 145 116 221 239 201 88
33 62 113 165 95 89 132 227 203 88 44
38 1 24 59 131 156 26 226 233 103 50
33 12 44 78 93 110 153 210 183 54 29
12 24 32 39 103 120 103 221 225 253 107
54 16 27 187 108 102 20 246 205 41 23
102 123 45 15 127 116 59 237 240 95 46
10 9 22 5 122 167 3 218 249 230 98
75 14 58 22 123 176 4 228 246 29 17
44 31 56 54 145 182 19 215 238 166 75
42 9 11 8 104 129 21 237 245 119 56
73 149 40 174 128 107 237 239 159 24 14
106 192 44 221 152 140 236 193 196 11 8
45 17 77 146 139 163 209 234 213 67 35
16 1 37 18 89 112 71 240 218 253 107
20 14 19 12 118 184 77 219 236 185 82
33 53 28 23 171 247 153 236 245 172 77
36 124 120 28 169 233 142 234 249 127 57
45 124 130 26 137 191 149 239 254 54 28
23 69 85 17 103 151 107 227 254 85 42
97 69 49 19 189 252 42 231 238 161 72
31 22 28 13 120 164 12 216 250 198 86
89 56 47 10 110 150 45 231 246 44 24
53 32 37 8 106 154 25 212 241 129 60
14 69 56 8 131 165 48 219 241 255 107
32 54 14 100 157 150 122 215 234 200 87
45 58 20 74 131 136 140 221 236 179 79
42 61 20 62 123 119 155 237 237 148 67
27 54 22 72 141 137 118 215 231 168 75
29 49 121 47 113 162 117 232 249 201 87
45 8 59 63 108 114 88 235 178 52 27
25 52 51 65 128 145 128 228 252 227 97
74 178 109 23 146 165 189 236 234 18 11
19 86 81 19 108 126 134 238 238 116 55
53 106 105 69 222 252 187 223 229 221 95
37 35 21 36 149 207 46 214 241 238 100
36 27 147 162 104 100 177 211 167 28 16
22 6 23 15 122 155 1 233 254 190 84
56 65 54 56 142 134 46 209 178 17 10
24 4 44 5 107 125 17 240 217 82 40
25 24 23 46 95 119 145 227 235 150 68
41 87 137 155 181 206 242 248 252 114 53
35 54 102 40 93 121 128 233 210 218 93
36 57 101 43 105 134 116 226 213 227 97
22 4 36 9 101 136 30 233 245 170 76
24 23 74 52 90 122 171 236 220 133 60
78 100 100 96 143 144 181 237 231 100 48
40 49 189 124 101 110 242 228 150 21 13
63 105 87 70 136 128 154 239 224 172 76
111 24 155 31 83 177 209 251 197 19 12
26 10 78 12 103 114 25 239 175 46 24
55 40 50 82 129 146 109 235 247 217 94
44 88 31 19 123 157 110 228 249 238 101
75 146 33 10 122 141 158 238 244 117 54
70 74 29 15 131 155 8 219 252 255 107
15 18 19 21 128 183 55 217 243 190 83
76 113 66 19 89 77 2 91 92 0 3
52 29 150 26 208 254 4 254 254 177 79
27 19 24 46 145 214 87 230 254 207 90
15 6 79 3 98 136 10 225 215 85 41
40 101 177 34 167 224 27 234 247 101 48
21 17 26 36 115 162 78 224 248 243 102
20 75 134 25 103 144 138 236 233 103 48
39 10 40 21 74 71 21 187 120 13 9
23 10 9 9 123 157 6 233 255 233 99
15 23 19 9 120 174 48 218 249 171 76
41 92 140 88 122 134 168 233 229 100 46
11 19 67 21 97 142 64 213 236 102 48
39 9 34 39 163 237 35 231 248 199 87
29 47 45 66 132 148 96 214 243 183 81
26 35 68 64 114 145 115 216 235 163 73
34 23 167 6 83 160 23 230 209 31 17
17 1 35 15 91 119 47 232 218 142 65
22 8 25 43 70 84 126 223 182 50 26
76 100 187 138 113 112 223 232 176 51 27
44 75 109 85 125 104 143 243 184 181 79
73 67 62 100 115 92 178 238 172 59 29
13 36 42 52 105 133 175 232 245 159 72
56 79 97 142 153 146 223 214 181 11 8
15 32 49 46 98 132 167 231 238 178 80
31 30 82 77 98 115 202 229 188 37 20
11 6 37 33 88 114 116 231 221 249 105
12 37 39 47 107 138 152 224 251 217 93
40 37 87 71 109 141 127 216 194 50 26
54 33 181 46 107 176 74 243 226 20 12
39 2 27 95 119 151 110 216 242 135 62
23 5 19 5 107 141 5 218 229 85 42
12 18 63 37 106 151 72 217 244 213 92
13 17 56 55 110 149 99 217 242 125 58
14 13 31 63 128 164 63 202 237 237 100
11 17 41 59 125 161 81 215 244 158 71
9 16 67 59 117 159 91 216 240 145 65
32 21 47 64 109 142 116 215 230 49 25
37 42 126 9 153 223 3 247 248 224 96
11 10 48 16 124 167 8 227 251 140 63
47 12 58 21 146 196 1 241 252 63 32
16 23 37 7 131 174 9 229 250 176 78
24 82 26 5 144 158 8 228 252 247 104
26 72 31 1 124 136 8 224 235 105 49
14 18 30 5 116 144 9 227 245 194 85
38 56 53 137 197 230 188 227 237 203 88
17 1 64 10 120 184 10 236 249 204 88
25 23 180 14 176 234 9 251 245 220 93
19 27 68 13 180 246 8 248 245 226 95
36 0 56 6 128 195 3 243 251 148 67
9 38 59 6 137 168 1 230 247 201 86
80 25 57 15 88 110 4 181 145 3 4
41 35 77 1 115 133 2 241 212 33 15
14 27 42 8 133 172 3 228 251 242 102
33 53 66 40 111 150 117 230 250 163 72
34 44 32 58 114 119 115 217 224 137 61
23 22 50 33 104 138 63 217 241 94 47
6 6 49 30 90 139 89 212 246 166 74
16 16 72 50 84 129 164 235 216 46 23
51 53 98 87 108 119 196 236 191 40 22
21 16 21 12 158 209 2 229 245 230 98
10 14 12 54 115 137 100 208 235 158 70
40 18 41 21 91 83 64 231 156 15 10
29 33 50 48 113 120 113 233 204 236 100
61 62 88 94 122 143 170 228 221 117 52
48 67 26 78 135 123 146 232 235 198 86
48 60 24 100 155 151 138 226 243 220 94
47 71 30 81 144 132 147 237 244 196 85
20 9 26 39 96 121 85 222 235 105 48
82 46 65 179 211 231 107 221 230 93 45
180 217 228 184 214 221 233 250 252 11 8
32 2 84 57 127 176 45 235 243 207 90
64 36 80 174 141 130 223 235 183 17 10
47 98 158 92 101 84 210 196 146 22 13
10 5 11 6 86 118 68 229 234 133 62
11 13 18 16 117 183 86 221 243 164 74
12 9 22 17 99 150 72 218 248 184 82
19 14 19 11 122 189 78 222 238 180 80
12 10 25 26 112 155 30 205 249 210 91
15 16 21 22 113 160 31 200 241 231 98
85 44 75 118 125 166 158 220 222 11 8
114 77 86 114 235 243 239 240 244 75 36
8 6 21 14 99 151 74 222 251 198 86
14 11 25 26 94 149 86 213 246 109 50
47 54 34 85 207 234 129 232 233 199 87
15 19 26 18 109 156 59 218 245 165 74
10 4 18 31 107 146 46 206 240 115 54
13 10 27 23 114 167 36 205 240 246 104
73 39 88 101 123 172 133 212 235 14 9
132 99 145 222 211 243 217 231 243 238 101
16 11 13 10 105 169 96 227 249 138 63
47 40 50 56 128 198 215 242 234 13 9
83 66 74 147 217 251 152 237 251 109 52
65 33 83 95 118 174 131 208 246 19 12
100 89 122 55 226 251 191 242 250 251 106
54 44 32 82 210 240 112 237 239 169 75
40 51 34 64 202 238 135 234 232 128 59
18 14 25 30 109 156 52 202 242 96 46
31 25 33 62 156 218 61 209 239 114 53
16 11 26 28 89 138 93 211 235 79 38
14 16 24 5 126 168 5 227 250 169 76
45 27 51 66 134 208 129 221 240 54 28
48 33 31 36 221 240 126 233 228 172 77
11 9 27 24 114 164 37 209 247 233 99
14 6 19 35 108 152 45 202 243 132 60
13 15 20 21 114 163 52 212 244 170 76
11 8 29 25 91 143 93 213 238 93 44
9 10 16 19 99 145 81 218 246 195 86
16 12 24 19 113 170 31 206 243 249 105
21 10 17 39 104 140 58 201 234 85 42
35 23 34 58 190 236 78 233 234 238 101
16 9 24 29 113 160 40 208 245 149 68
12 24 23 23 125 170 47 218 240 192 84
12 15 25 31 122 170 53 215 245 176 79
15 19 52 55 89 134 181 218 239 87 43
41 39 81 151 119 129 240 176 156 1 4
6 12 19 62 118 126 135 243 236 155 71
10 8 13 25 103 146 81 217 246 240 102
48 2 18 110 111 135 138 212 217 80 39
61 3 27 117 105 135 145 205 207 60 30
21 11 34 33 94 143 112 227 246 101 48
11 18 16 21 93 130 103 224 252 167 76
24 3 21 92 144 171 77 220 248 242 102
26 24 45 55 128 164 43 207 244 159 71
35 67 90 53 132 135 84 246 239 225 97
32 31 31 35 109 124 59 224 233 147 66
35 32 56 73 114 131 153 235 207 72 35
6 15 40 12 97 152 94 234 251 229 98
88 20 60 192 146 142 31 226 249 143 65
33 12 40 123 117 149 177 215 236 154 70
50 13 49 157 114 129 201 218 209 72 36
48 19 39 158 109 129 205 224 180 45 25
17 5 30 17 105 144 46 233 253 210 92
30 45 68 54 123 145 110 229 236 193 85
35 73 84 65 139 156 116 229 248 215 93
13 1 21 77 124 154 105 219 245 230 98
42 13 24 23 132 180 8 215 224 220 94
33 11 17 23 134 172 1 228 251 250 105
22 1 29 10 91 100 31 233 197 109 51
51 42 39 101 219 243 51 240 241 248 104
20 8 30 29 124 162 19 219 248 217 93
50 21 46 47 157 218 42 230 245 122 57
52 40 45 74 199 244 45 239 243 178 78
77 74 64 132 223 238 75 237 243 210 91
11 20 43 19 100 123 55 214 220 87 43
14 25 48 21 96 132 112 237 242 155 71
25 13 37 27 122 162 19 220 251 252 106
32 12 69 114 111 136 168 215 220 131 61
41 25 143 153 105 144 189 215 237 96 47
37 7 36 132 109 129 164 214 221 132 62
33 18 24 61 126 141 44 214 228 148 68
31 22 138 138 111 157 159 218 247 221 95
73 30 58 164 144 145 209 224 175 21 14
39 2 38 112 102 127 183 208 189 96 47
19 16 37 28 101 136 59 220 252 182 82
69 61 116 132 124 124 210 239 206 80 40
43 79 93 38 103 146 219 219 175 8 8
17 14 55 55 89 119 148 223 215 111 52
6 40 28 13 101 150 137 230 250 198 89
19 32 58 25 71 123 181 223 210 59 31
28 4 52 42 116 167 25 224 254 227 99
26 53 28 8 135 162 5 217 252 242 103
45 9 31 10 100 139 25 235 246 123 57
25 49 28 35 101 126 178 231 213 56 31
22 24 55 58 115 151 112 227 254 193 87
77 50 81 32 56 111 147 202 170 5 7
35 29 45 44 114 147 68 228 254 142 66
49 40 40 66 94 86 161 232 172 33 20
83 29 67 106 149 170 61 237 215 15 12
110 73 111 242 218 242 242 237 244 86 44
40 31 31 42 196 241 43 234 239 242 105
25 18 28 59 114 144 135 227 238 101 50
38 1 38 81 139 184 46 229 252 180 82
51 33 68 83 126 166 118 219 243 35 22
125 45 93 65 138 198 90 249 251 36 22
108 41 67 47 230 243 78 244 231 213 95
33 10 21 20 118 163 16 221 251 225 99
91 27 86 21 121 182 3 237 248 26 17
158 186 217 230 245 249 245 248 249 211 94
97 48 96 77 130 147 42 231 196 11 11
139 84 116 40 218 241 251 248 251 9 10
138 61 118 56 239 252 137 253 239 110 55
24 61 43 8 121 149 51 224 252 127 61
58 43 113 68 186 246 31 241 246 227 101
27 29 53 41 131 184 43 211 248 176 82
68 37 96 55 119 147 68 232 221 32 21
97 53 98 71 112 133 120 243 194 8 10
16 18 60 16 91 149 74 216 248 127 63
87 48 23 124 122 102 173 214 167 49 28
24 3 25 7 98 125 26 235 237 158 75
49 15 19 16 128 176 5 222 225 190 85
73 18 55 10 113 152 1 232 235 43 25
73 25 78 11 137 208 4 242 248 60 34
36 57 76 38 100 126 102 219 221 113 56
37 63 85 35 106 136 114 221 240 152 73
71 93 131 61 112 125 163 238 200 30 20
78 99 159 86 108 134 194 217 189 15 13
35 14 28 7 110 138 15 243 254 199 91
68 67 85 127 140 146 205 230 241 115 57
37 4 58 100 97 146 188 221 240 164 77
25 2 27 110 120 161 177 210 253 240 105
14 9 28 40 121 165 47 215 250 230 101
36 12 32 154 133 136 104 217 251 129 63
178 134 82 226 216 185 227 227 206 7 10
23 1 25 43 97 105 79 233 196 251 109
22 1 24 116 125 148 95 220 248 224 99
80 65 61 77 63 63 78 66 68 0 7
29 67 115 12 83 113 201 242 159 75 40
49 136 209 24 90 144 207 239 193 26 18
42 56 149 29 73 146 204 244 191 45 27
21 63 81 14 96 162 157 235 250 238 105
34 3 28 9 87 97 18 225 189 70 39
68 24 45 32 103 167 144 247 210 24 17
58 11 43 26 85 135 111 247 193 42 26
27 9 24 12 106 155 51 233 255 253 110
48 4 31 4 94 121 8 230 217 80 43
20 21 160 56 80 168 187 238 239 182 83
36 64 39 70 128 130 179 239 234 160 75
70 112 49 55 121 102 150 230 191 102 50
60 6 32 63 72 138 189 226 224 66 37
46 124 119 32 133 153 123 240 243 120 60
28 13 108 29 83 138 96 239 214 126 62
18 19 60 37 97 147 105 222 249 172 79
32 29 34 33 86 109 115 232 226 128 61
44 1 35 12 123 174 1 236 252 234 102
96 114 152 210 137 119 207 146 133 4 7
85 49 110 202 129 140 221 155 157 4 7
12 26 31 10 86 89 127 236 189 227 100
41 36 73 78 95 112 204 239 182 40 23
39 45 63 71 102 138 188 227 230 87 44
32 39 53 46 87 115 166 231 221 115 55
52 24 42 109 118 134 153 207 201 71 37
67 75 207 25 136 210 10 237 235 27 18
48 8 43 3 88 109 22 236 214 51 30
31 7 21 11 117 163 2 222 248 156 75
78 29 66 57 122 192 92 230 248 36 23
81 40 67 26 217 249 4 250 249 192 88
65 62 106 95 123 137 177 236 194 35 22
62 42 52 38 69 77 89 167 137 8 9
243 235 246 233 247 246 85 221 246 255 111
37 15 42 56 103 129 103 225 226 146 70
57 12 49 6 105 144 9 239 243 66 36
38 11 32 9 128 193 25 227 248 202 91
26 15 19 10 152 202 1 226 247 239 104
19 19 22 37 123 161 58 214 245 170 78
35 19 26 56 164 234 75 227 247 209 93
49 15 32 35 158 230 22 222 243 198 89
17 24 182 35 69 147 164 251 220 91 45
28 3 36 7 106 135 13 243 239 123 60
59 81 61 25 98 141 213 248 228 34 22
66 34 71 17 126 153 23 251 214 18 14
22 14 35 50 102 129 108 233 244 210 94
25 6 26 4 97 130 9 231 246 183 84
64 6 46 14 118 167 2 222 238 72 39
107 40 93 65 230 245 1 247 237 142 68
49 18 47 20 106 169 75 238 234 27 18
13 9 28 21 89 111 93 234 226 156 74
55 15 61 182 178 220 186 232 250 103 52
28 1 31 83 116 150 103 218 232 156 73
39 16 60 187 105 88 164 211 176 22 16
78 27 49 208 139 142 233 156 144 5 8
24 9 34 36 87 96 118 229 197 246 107
16 8 23 35 97 106 85 222 209 241 105
75 32 61 125 124 165 231 237 213 13 11
29 5 33 10 93 105 34 240 218 157 74
103 44 110 36 96 156 98 242 194 5 8
100 134 72 146 251 245 52 239 251 210 94
27 21 26 17 88 149 131 223 240 150 71
158 129 93 242 239 239 246 247 247 165 76
36 2 16 97 134 168 87 207 243 230 101
96 51 100 66 126 148 39 238 211 13 11
133 174 222 221 236 243 241 242 244 165 77
36 98 32 27 139 99 70 230 199 117 56
20 24 43 41 111 133 69 222 236 152 72
47 97 154 61 128 127 146 239 178 38 23
78 29 75 17 162 237 4 254 254 99 50
76 39 47 179 211 251 184 236 251 220 97
28 27 60 68 118 149 129 227 243 197 89
110 138 170 170 183 169 222 243 240 56 31
25 6 32 44 112 117 65 231 194 75 40
9 9 31 41 117 155 51 215 250 207 92
22 11 32 63 127 161 63 216 249 133 65
18 1 33 39 101 144 45 210 233 150 71
25 15 18 18 125 150 2 225 247 226 99
63 53 53 101 99 70 172 210 140 28 19
113 154 194 163 218 239 203 239 249 136 65
47 10 63 70 133 153 79 241 202 38 24
20 4 35 32 118 160 40 227 254 204 92
50 10 62 69 120 145 78 238 207 36 23
21 1 55 15 100 158 38 236 252 212 95
22 1 20 126 133 154 193 228 232 160 76
22 33 27 14 111 132 41 228 245 222 98
34 84 122 23 119 153 78 224 244 119 59
66 43 98 92 96 122 179 225 190 35 23
51 12 140 110 106 141 207 246 174 28 19
125 137 225 97 127 142 172 236 173 8 10
143 170 121 92 222 237 29 239 250 69 38
27 57 57 36 117 173 175 245 251 166 79
33 49 60 35 80 113 188 231 203 54 32
27 61 60 53 111 132 167 230 238 108 54
17 41 45 46 103 136 152 224 248 175 83
29 57 59 41 91 123 175 233 233 94 50
72 110 130 118 126 134 231 193 178 5 9
32 38 70 35 73 95 202 236 162 44 28
26 8 20 10 120 156 5 235 252 232 104
33 15 28 7 107 131 10 231 244 114 58
54 12 73 20 99 149 20 227 239 50 30
98 51 102 31 151 220 23 244 245 55 33
34 52 55 60 105 131 173 226 238 101 52
23 25 38 44 83 109 160 226 220 117 59
31 15 36 7 111 163 4 206 241 152 72
79 42 90 32 168 241 19 243 243 75 42
43 18 39 11 110 145 9 231 252 93 49
51 48 57 26 207 241 1 246 240 254 111
20 8 21 14 118 152 4 220 249 212 95
63 23 79 17 113 157 11 235 242 37 23
63 55 52 67 89 122 218 227 200 20 16
30 12 28 10 106 140 16 241 253 247 108
37 18 34 14 117 167 4 209 241 155 74
32 20 34 4 132 181 5 227 247 195 89
31 12 24 10 113 141 3 229 248 138 66
