99 83 6 163 207 55 170 248 40 249 67
136 97 16 128 154 90 108 190 91 19 5
83 139 14 201 228 48 229 251 69 88 25
90 149 14 209 231 41 251 251 29 141 39
186 225 148 245 246 151 249 243 108 61 17
80 140 37 185 226 103 236 253 170 41 12
122 103 29 158 207 67 161 252 59 98 28
125 183 9 224 252 44 253 254 27 51 13
176 217 18 241 252 56 231 243 16 97 27
149 192 35 249 251 104 243 244 39 48 13
139 192 12 241 254 54 247 251 14 27 7
238 228 72 244 241 95 242 246 111 57 15
100 95 4 151 211 46 160 251 37 221 60
148 119 10 156 190 133 146 222 169 13 3
121 173 154 255 230 104 250 250 193 57 16
94 108 26 119 149 75 176 236 184 56 15
106 140 53 222 243 146 242 253 136 211 57
70 100 61 161 204 98 188 252 87 240 64
93 83 1 133 186 32 157 251 39 218 58
90 106 25 190 213 57 228 248 31 210 56
85 135 4 182 221 61 215 254 106 152 42
81 77 15 104 139 108 146 208 164 19 5
61 152 10 174 233 42 227 253 45 80 22
167 193 22 217 244 124 234 233 179 19 4
114 105 14 146 184 32 171 248 48 242 64
175 212 31 229 246 58 230 241 30 74 21
128 182 5 246 254 68 246 252 19 255 67
74 141 15 181 222 53 233 253 76 191 52
130 107 1 147 175 56 147 236 93 52 14
140 117 9 168 205 95 164 242 87 75 21
74 96 13 140 189 69 176 250 99 203 55
102 107 23 157 196 81 184 252 103 112 32
63 72 9 100 135 71 172 238 169 23 6
246 248 77 249 251 209 245 250 251 192 53
85 85 21 138 180 74 196 246 29 55 16
76 94 18 138 177 72 203 240 33 46 14
75 87 10 151 207 37 182 252 3 220 60
90 136 8 151 196 51 213 252 117 239 63
90 102 8 166 195 67 193 247 87 208 56
98 130 11 163 193 75 220 246 134 114 31
75 120 10 149 193 76 202 251 137 91 25
55 86 3 131 207 13 152 252 3 92 25
81 112 1 158 175 35 212 254 156 49 14
92 106 7 150 168 52 183 248 200 71 20
99 137 106 223 223 62 254 254 7 235 62
84 103 92 164 235 198 226 238 48 79 22
74 86 61 110 162 117 145 244 173 128 35
99 108 64 173 183 60 198 254 109 74 20
81 111 38 160 211 138 183 250 187 79 22
116 149 46 229 254 147 252 236 45 111 31
98 148 10 220 236 46 251 254 54 135 37
138 190 7 225 248 46 229 239 9 249 65
61 51 151 86 140 146 107 201 27 2 1
175 199 217 241 252 254 254 254 254 150 41
78 120 83 212 233 125 229 240 51 207 55
82 61 155 122 185 201 176 244 69 44 12
90 91 74 131 165 128 169 247 193 142 39
107 149 3 210 228 44 252 252 48 212 57
92 127 20 188 225 117 227 249 151 166 45
73 91 14 130 178 74 158 243 108 76 21
92 154 3 197 232 26 242 251 18 146 41
105 119 14 217 218 90 248 238 115 188 50
91 87 7 145 191 108 165 247 148 186 50
87 126 80 178 217 168 208 240 193 130 36
99 133 21 168 212 92 214 250 132 175 47
81 143 7 222 251 70 243 247 24 229 61
93 77 9 103 162 156 157 220 169 25 7
85 143 11 213 234 36 252 253 31 226 60
113 162 3 211 234 35 246 248 23 84 23
121 139 82 231 248 195 245 253 198 196 53
88 93 29 127 173 89 160 248 142 160 44
57 100 13 158 205 37 199 250 15 207 55
124 173 1 215 240 29 242 248 15 94 26
146 184 6 238 254 41 246 250 18 127 34
61 61 45 100 149 117 122 232 155 86 24
74 132 58 183 219 115 228 251 136 90 25
88 124 12 149 184 54 209 252 156 218 58
98 86 9 120 150 46 170 249 148 131 35
82 59 9 133 155 21 172 238 21 39 11
169 214 59 246 251 112 237 247 54 111 31
137 181 52 227 254 109 240 254 109 244 64
92 137 15 203 226 75 239 246 76 252 66
74 123 23 157 205 101 189 240 137 190 50
82 65 28 113 164 57 159 242 14 32 8
61 113 64 142 191 136 198 245 185 49 14
69 118 57 188 231 160 210 244 164 148 40
81 72 10 95 150 17 120 252 52 24 6
120 154 12 221 233 60 248 255 127 149 40
196 234 84 238 254 129 250 253 39 163 44
200 229 115 210 235 145 213 213 54 111 30
96 152 24 191 223 66 237 254 79 172 46
82 106 22 177 232 142 214 246 57 164 44
101 70 91 79 143 224 149 169 119 1 1
96 101 50 127 164 85 165 251 183 82 23
122 180 24 221 247 64 229 235 17 192 52
117 170 5 224 248 43 233 240 6 201 54
109 165 5 220 249 39 244 249 14 168 45
71 58 3 126 171 19 149 250 18 50 13
112 138 124 203 248 208 248 246 59 39 11
75 71 87 99 155 188 127 232 232 10 3
217 250 78 249 254 74 240 241 22 122 34
249 250 180 248 248 137 245 240 68 251 66
85 147 8 209 244 72 239 252 54 207 56
82 143 8 182 221 42 238 252 62 143 39
91 131 25 186 213 90 236 253 130 138 38
84 115 59 193 221 75 229 253 23 181 49
54 56 22 83 90 57 171 219 239 7 2
117 168 7 235 254 46 253 252 13 231 61
113 181 80 225 233 59 244 236 31 154 42
115 182 13 240 253 56 253 253 23 226 60
82 130 10 189 223 44 229 252 29 187 50
82 112 41 186 218 63 212 250 17 103 28
232 238 106 240 242 134 237 230 160 190 51
109 149 52 209 219 75 246 251 135 188 51
64 141 10 181 226 36 217 246 42 146 40
82 135 25 189 213 67 229 231 57 125 34
177 197 26 236 254 229 242 233 34 183 49
175 208 37 248 251 75 253 252 111 203 53
77 138 3 162 215 45 204 251 75 90 25
134 184 29 236 254 67 241 243 17 225 60
126 173 50 225 243 120 215 224 49 255 66
95 129 52 177 200 91 213 250 193 128 34
89 130 36 170 208 84 200 253 173 120 33
175 224 59 218 242 53 227 237 22 169 45
229 220 153 227 253 229 236 225 30 67 19
72 66 74 76 93 241 36 236 63 0 1
116 127 60 212 224 157 242 250 188 121 34
120 119 39 226 241 181 236 235 169 211 56
118 157 5 220 234 45 235 242 47 186 49
63 114 6 163 194 40 205 253 131 115 32
174 192 25 231 242 61 251 240 102 36 10
116 142 9 185 218 96 222 240 188 96 27
103 146 1 213 233 53 249 250 50 218 58
94 144 9 186 223 71 229 255 97 37 10
151 185 13 242 255 65 247 247 37 249 66
138 189 10 237 254 47 252 254 17 148 41
158 188 14 227 236 58 250 241 153 64 18
76 110 17 199 223 70 226 244 30 177 48
100 137 6 189 205 36 223 245 116 128 36
97 80 62 136 147 117 187 244 194 29 8
225 241 138 254 255 134 236 226 49 76 21
144 184 29 222 241 73 214 217 24 96 27
133 182 1 219 242 41 225 234 5 244 66
139 152 62 227 248 162 255 241 187 202 53
63 81 6 150 202 22 177 253 4 202 54
64 116 3 157 189 40 184 239 118 29 7
251 245 45 249 254 102 235 241 144 223 59
117 180 77 237 238 62 253 253 85 45 12
129 184 9 230 250 51 236 242 10 44 12
235 246 74 240 251 134 238 241 62 233 61
60 82 8 148 200 22 179 252 3 203 54
100 142 2 216 230 39 243 247 51 161 44
140 167 20 231 237 65 246 238 55 45 13
198 219 185 235 236 139 238 226 117 100 28
101 133 107 238 250 165 246 250 75 183 50
102 151 12 205 224 39 237 254 89 183 49
98 120 18 203 236 138 226 248 151 187 50
109 126 6 171 184 46 199 241 172 65 19
104 121 20 167 172 39 169 244 198 56 16
63 106 17 157 205 37 206 253 24 251 66
75 68 46 114 209 183 166 230 27 44 12
68 87 11 133 187 13 172 253 5 57 15
153 202 17 233 248 50 232 241 10 75 21
239 249 40 242 252 73 233 245 38 177 48
123 170 3 237 254 60 249 249 25 213 57
82 107 4 156 179 60 181 249 185 41 11
249 251 48 252 254 108 251 254 159 198 53
180 214 25 239 252 90 249 255 102 234 62
147 170 22 253 251 68 241 247 92 195 53
112 145 7 216 232 71 247 249 81 149 41
77 139 4 160 213 49 203 251 81 72 20
121 150 13 245 243 60 244 248 84 188 51
84 120 7 164 188 47 187 244 137 24 6
82 110 6 149 194 44 181 252 110 190 51
77 137 14 194 227 46 239 252 31 121 34
118 134 95 165 180 140 221 234 194 8 2
72 72 27 127 189 57 138 245 19 72 20
86 130 23 169 209 93 206 254 166 107 30
64 95 5 165 226 114 200 243 35 234 62
75 136 16 190 227 48 235 252 39 216 57
70 115 22 182 220 113 213 239 117 75 20
86 151 7 193 233 40 235 248 27 41 11
89 109 23 193 216 51 226 252 24 96 27
125 169 4 202 228 39 236 253 51 31 8
146 168 123 250 254 251 246 254 254 108 30
143 186 9 224 247 45 240 247 32 136 36
91 120 78 203 229 184 233 254 220 129 35
73 107 11 159 186 33 217 243 29 97 31
80 148 10 189 230 40 235 249 31 147 41
126 141 13 212 227 93 243 245 115 168 46
121 138 8 202 225 95 231 243 117 94 27
76 139 6 178 216 39 240 251 52 82 24
71 104 12 147 191 64 180 244 94 186 51
75 115 5 156 187 23 198 245 78 85 25
69 137 8 184 226 51 238 252 58 148 40
82 113 3 133 180 79 191 251 168 36 10
100 109 1 147 187 55 171 252 109 49 14
77 154 12 172 221 27 236 252 38 78 22
71 114 10 176 216 34 215 253 14 254 67
109 157 7 216 238 36 254 254 29 216 58
62 106 31 162 195 70 219 249 77 211 56
83 143 26 195 222 61 249 253 79 180 49
122 155 14 224 240 80 246 243 84 216 58
82 143 2 190 241 85 205 249 75 154 41
81 99 45 99 139 105 162 232 217 18 4
70 117 15 184 224 114 214 246 127 239 64
64 132 31 134 194 80 192 242 115 53 15
77 115 17 177 211 107 221 246 133 117 33
96 142 22 204 222 68 222 240 142 159 44
83 122 42 174 213 130 209 244 160 114 32
48 120 2 161 210 44 192 238 69 217 58
105 150 8 190 216 43 221 242 119 121 34
78 126 25 181 219 109 222 249 126 237 63
100 156 24 213 238 62 239 247 52 249 65
54 73 89 148 184 169 188 244 172 100 29
58 99 23 165 216 70 192 245 18 225 60
61 102 13 181 213 65 208 240 23 244 64
80 116 5 154 186 36 203 250 124 175 48
91 72 13 104 148 156 160 217 214 33 8
92 106 4 143 160 26 185 246 152 125 35
63 105 17 160 208 40 201 250 14 234 62
75 144 4 189 228 27 241 251 22 177 47
118 156 11 221 225 53 249 237 173 240 64
96 145 6 214 232 43 244 250 51 132 37
151 175 26 233 254 120 246 249 156 195 54
57 69 100 91 146 182 155 221 181 18 6
70 65 5 115 169 38 139 247 51 124 35
87 76 73 114 155 37 154 250 28 41 12
70 53 19 102 149 17 141 251 32 34 11
240 241 43 232 248 128 241 243 46 157 44
57 90 2 148 188 19 192 250 13 106 31
146 171 4 233 244 57 242 245 50 208 57
86 154 5 212 248 45 243 249 13 130 37
146 199 15 213 243 35 242 251 20 20 7
108 161 7 223 246 36 252 251 14 150 43
70 89 5 125 173 30 165 243 45 143 41
98 129 104 188 219 193 223 254 230 76 23
90 95 5 111 137 43 187 245 165 57 18
161 195 28 245 254 68 254 254 57 49 15
245 242 49 242 253 227 243 245 233 235 64
70 100 92 158 236 159 200 251 32 169 47
78 70 91 115 140 158 172 234 220 41 13
41 44 88 75 129 144 167 230 126 35 9
125 128 46 210 228 153 246 250 210 253 68
98 136 5 173 216 79 218 252 114 255 68
87 62 13 126 167 54 151 246 81 146 41
76 107 4 130 169 77 200 252 170 67 20
80 128 70 167 207 138 214 248 173 132 38
73 70 82 132 164 150 158 231 176 63 19
78 145 12 199 230 43 248 252 32 42 13
76 139 10 196 230 45 243 251 27 76 22
132 173 15 218 243 71 219 229 37 243 66
80 87 5 128 157 55 174 236 108 42 13
62 56 17 113 166 23 134 247 12 15 6
70 107 16 176 218 50 191 245 5 129 37
95 119 4 130 177 71 187 253 179 149 42
85 141 15 193 221 56 246 253 105 208 58
84 102 6 167 181 67 227 255 164 104 30
195 196 178 254 252 247 249 251 239 197 54
98 100 11 138 141 44 193 247 205 59 18
60 141 4 175 223 29 215 246 32 56 17
214 236 39 226 245 66 222 233 26 254 69
84 131 45 219 247 150 237 248 126 34 10
247 247 247 254 254 253 254 254 252 165 49
76 66 26 116 161 40 153 249 62 121 37
76 112 66 126 167 25 199 250 8 39 13
88 115 70 149 179 35 215 253 10 53 17
67 81 9 132 196 25 163 251 22 104 30
109 161 1 223 247 49 240 239 13 33 10
77 140 122 177 233 203 203 244 186 10 3
227 232 59 216 244 157 220 239 87 189 53
132 184 6 218 242 43 219 232 5 253 68
111 146 3 217 225 58 234 243 143 161 45
109 162 4 209 234 37 242 245 21 63 19
69 84 22 137 181 28 169 253 21 11 3
120 164 16 232 249 68 247 245 32 24 8
124 182 10 242 253 47 253 252 11 251 68
98 147 8 237 247 48 252 249 19 105 30
93 99 11 143 200 15 172 251 8 234 64
38 35 15 65 130 12 85 229 10 5 1
224 236 47 247 254 124 253 238 175 53 16
239 228 119 224 248 243 241 229 95 250 68
85 85 28 152 187 109 171 241 134 145 42
68 74 2 114 180 10 146 251 7 175 49
80 91 18 146 194 43 180 252 53 94 28
105 134 15 196 205 49 233 246 121 111 32
74 131 8 199 227 63 240 254 92 74 22
158 183 14 254 246 73 238 245 184 160 47
60 133 4 160 215 52 210 251 86 240 66
150 184 5 238 246 51 236 234 13 47 14
103 159 7 216 243 46 253 253 35 59 18
58 110 18 118 167 71 202 247 145 32 10
71 98 41 174 207 134 191 232 137 192 55
87 152 7 220 246 33 249 252 14 235 64
112 172 7 215 243 38 251 252 25 32 10
89 153 7 202 234 49 230 254 62 32 10
247 232 84 251 251 128 252 254 136 158 45
219 227 54 250 252 92 252 254 89 116 34
101 157 43 226 230 44 252 253 76 212 60
51 40 6 81 141 9 103 237 11 76 23
124 141 123 218 232 204 244 249 222 189 53
59 87 45 151 186 116 190 238 132 168 48
96 101 59 156 178 143 184 228 196 60 19
72 133 12 215 235 58 247 252 64 244 67
48 81 24 173 221 61 196 252 15 193 53
65 115 57 176 219 47 216 251 29 72 22
91 136 144 175 212 211 225 248 225 22 7
86 143 12 220 237 39 253 253 29 240 66
138 175 208 208 231 245 250 252 253 29 10
61 98 117 153 209 50 220 253 16 148 43
77 147 12 197 234 38 246 253 37 142 41
171 213 20 237 254 117 253 254 169 156 45
101 133 169 177 201 225 237 247 250 9 3
68 111 9 155 181 48 202 251 153 80 25
74 72 13 101 156 104 138 238 154 91 27
68 135 15 209 231 41 252 252 39 140 40
98 119 40 215 231 145 230 231 145 165 46
83 152 13 229 241 40 254 250 16 180 51
74 147 12 191 233 39 242 254 38 222 61
107 164 7 221 249 47 229 238 7 203 57
78 147 7 198 233 29 253 255 20 204 57
105 134 26 204 255 179 251 255 122 32 10
45 48 33 102 146 28 163 247 32 36 11
80 80 34 84 85 46 134 141 125 0 1
239 249 217 242 251 179 241 246 88 239 66
112 137 41 221 235 124 254 255 150 94 29
61 143 8 172 226 34 226 251 35 36 11
242 250 42 241 253 88 241 246 37 131 38
152 200 25 223 243 60 218 230 15 34 10
194 195 79 177 219 191 196 206 89 203 56
214 227 36 211 233 82 210 220 31 128 37
81 119 6 161 190 23 194 249 116 187 54
87 128 9 170 196 49 194 248 142 48 16
81 134 14 182 222 79 231 252 107 120 35
95 83 32 143 191 73 171 252 89 124 37
85 127 20 188 213 71 240 252 90 223 62
112 153 15 224 231 62 232 240 156 196 56
80 146 4 193 230 29 240 252 23 166 47
139 172 11 224 240 55 238 245 49 229 63
137 167 13 237 242 74 248 252 149 100 29
178 222 28 218 247 80 230 245 126 117 34
181 196 32 217 233 73 231 242 92 211 59
106 161 2 213 239 28 252 254 20 149 44
199 223 25 237 247 62 224 238 32 222 62
242 247 53 242 253 107 239 245 54 239 66
89 100 10 123 157 48 161 231 95 7 3
108 157 15 237 248 53 250 248 24 193 55
86 139 2 206 225 40 248 250 45 185 52
82 145 2 172 214 44 219 247 60 48 15
69 118 21 183 221 110 222 249 128 169 49
61 123 0 176 212 43 209 239 66 59 18
179 201 46 223 241 84 228 241 80 221 62
130 159 8 231 239 59 243 247 64 202 56
98 142 5 210 226 43 254 249 40 198 56
90 123 16 152 182 43 177 233 89 12 4
250 249 133 250 254 162 233 245 128 221 62
139 162 75 168 194 110 222 248 175 9 3
167 195 22 227 245 59 241 249 54 242 67
109 149 3 209 225 41 244 243 39 152 44
225 226 58 254 254 111 249 251 86 244 67
94 157 28 188 220 47 247 248 35 12 4
247 247 103 252 254 175 242 248 232 251 69
253 245 65 255 254 109 246 249 83 215 60
95 148 6 223 247 51 250 250 25 164 48
147 162 71 246 241 118 249 254 163 46 15
100 130 21 188 213 101 234 247 127 17 6
103 140 15 228 236 64 252 251 84 253 69
94 136 11 227 234 59 251 253 107 159 46
67 98 4 137 167 26 187 245 104 45 15
82 101 4 111 150 49 147 247 197 8 3
79 125 2 189 208 45 237 252 135 94 28
93 102 28 156 177 95 191 234 137 50 16
126 178 3 228 246 50 231 240 12 58 18
104 151 15 197 219 37 251 253 50 53 16
135 145 16 201 217 86 236 236 122 25 8
93 118 18 199 217 89 243 252 151 246 68
77 129 20 155 210 99 195 251 145 147 43
76 135 12 216 240 67 242 251 28 246 68
92 123 45 204 224 119 237 255 166 202 57
80 149 3 189 230 27 235 251 19 95 29
142 169 12 235 236 55 240 246 133 187 53
95 150 11 201 219 48 239 247 153 111 33
100 132 13 168 176 44 248 251 190 16 6
70 103 0 154 171 43 231 251 139 42 14
78 108 1 164 176 35 211 248 155 85 26
96 134 7 201 213 54 248 248 104 111 34
92 131 5 210 221 51 252 254 88 118 36
120 152 12 223 231 54 237 247 128 143 42
109 138 8 220 219 47 241 243 105 206 59
96 134 3 212 222 50 250 253 87 121 36
65 134 3 187 225 43 218 248 59 95 29
72 133 3 175 222 53 214 249 65 81 25
97 93 30 163 199 78 187 252 76 125 37
82 80 8 138 191 43 177 252 53 219 62
60 122 3 148 194 26 194 243 80 61 19
133 175 0 227 247 42 247 245 20 72 22
87 81 14 140 193 41 172 252 42 225 63
100 122 18 186 208 65 218 252 77 90 27
90 144 8 168 220 63 202 253 89 89 27
105 109 18 143 181 67 158 244 97 40 13
57 105 59 135 177 125 204 238 174 43 14
241 240 64 245 254 131 243 250 86 216 61
176 209 127 237 254 211 254 249 85 159 47
188 189 19 250 245 54 245 233 54 247 68
81 138 7 173 216 33 212 252 85 247 68
108 103 3 143 172 69 174 248 147 67 21
79 98 4 133 171 51 186 247 100 165 47
107 119 8 171 214 69 186 250 54 125 37
112 172 12 207 239 45 246 253 35 21 7
227 236 46 241 251 111 244 244 43 85 26
82 135 0 222 247 71 240 237 22 156 45
86 142 10 211 236 45 247 248 22 135 39
77 122 0 204 217 50 238 238 67 190 54
101 150 5 231 252 61 245 244 16 253 69
51 131 4 167 220 54 218 246 57 67 21
147 185 13 232 244 57 233 240 121 149 43
118 156 2 217 235 52 241 245 48 195 55
108 171 7 226 249 43 236 240 5 224 62
91 139 17 201 219 57 242 251 84 15 5
115 156 4 220 236 52 239 236 30 49 16
219 205 54 232 241 125 226 235 118 84 25
245 241 50 249 252 77 236 243 69 250 69
71 126 3 179 234 107 216 247 100 253 69
87 107 1 149 183 74 183 233 128 37 12
99 124 14 165 189 72 228 237 181 77 23
86 130 7 212 234 85 243 243 70 220 61
140 161 42 241 252 123 240 240 105 233 64
112 123 8 180 210 63 205 245 62 143 42
129 115 10 184 197 66 203 241 72 149 43
116 108 11 163 188 60 179 233 64 112 33
108 126 20 212 222 55 241 250 32 70 21
74 65 8 116 172 16 137 252 10 46 15
149 194 7 239 253 49 242 245 9 95 29
197 224 43 244 253 166 253 254 248 94 28
134 134 107 148 179 165 131 197 183 2 1
84 66 10 106 164 14 118 238 8 57 18
101 162 14 241 251 39 252 250 11 197 56
151 202 16 238 252 56 241 250 17 94 28
88 129 16 205 225 77 241 245 192 64 20
94 128 48 183 206 61 217 240 27 8 3
244 229 140 250 250 235 234 245 236 181 52
109 101 13 185 216 68 196 249 34 185 52
107 135 20 181 211 53 223 248 62 28 9
68 136 7 162 212 56 201 254 112 109 33
88 148 13 218 237 42 252 252 44 170 49
69 88 77 130 174 104 178 248 99 67 21
85 57 6 127 179 38 126 248 28 149 43
123 121 15 192 210 70 223 247 66 208 59
87 122 10 201 221 80 236 252 116 145 42
78 96 24 145 180 82 181 244 114 53 17
66 51 15 69 130 7 98 236 17 26 8
247 231 57 248 248 168 226 219 111 224 63
78 86 33 159 200 116 167 242 109 248 69
136 147 20 229 239 99 252 242 106 177 51
76 79 9 128 187 46 159 251 64 184 52
79 89 23 138 160 83 192 235 141 35 12
60 80 11 161 215 43 176 252 1 224 63
73 100 24 169 208 65 214 251 26 129 38
74 89 16 157 210 41 186 252 5 244 68
74 130 11 192 228 81 223 245 67 148 43
96 126 9 159 190 69 224 249 140 108 32
98 129 8 154 186 65 220 248 138 102 30
92 106 20 143 163 82 222 250 185 45 15
90 129 5 203 218 54 234 240 73 128 37
117 160 6 235 251 71 248 250 48 119 35
180 212 40 235 253 104 254 255 138 78 24
130 148 44 186 206 109 240 254 172 8 2
97 137 29 198 217 81 240 254 131 20 6
210 230 176 245 254 227 254 247 127 117 35
62 69 16 131 191 43 166 250 49 117 35
82 97 9 117 156 88 160 227 184 31 10
89 154 13 207 236 34 251 252 27 209 60
93 119 14 155 203 30 176 248 15 26 8
252 252 54 244 255 101 243 247 52 227 64
75 97 33 138 162 101 211 240 183 31 10
70 106 29 153 214 88 194 248 20 63 20
75 120 29 163 205 115 247 247 105 19 7
153 167 37 252 254 130 237 242 103 125 37
80 137 6 183 213 49 226 254 136 62 19
172 185 63 239 252 154 253 251 186 97 29
64 83 12 131 192 70 153 249 80 161 47
65 129 9 164 213 70 216 253 106 252 70
82 132 6 203 245 113 246 246 47 164 47
82 119 15 208 243 117 247 247 39 212 60
83 124 19 192 246 137 247 252 50 178 51
97 114 6 162 183 67 203 245 196 61 19
56 141 11 166 223 49 218 250 55 65 20
83 132 9 211 250 118 232 240 70 43 14
202 224 43 246 253 71 253 254 60 137 40
102 145 1 216 234 52 247 242 36 156 45
103 147 7 222 235 42 254 251 41 149 43
109 168 5 209 242 33 247 255 24 57 17
249 246 43 253 254 80 247 248 52 136 39
121 172 4 224 247 43 230 238 8 226 63
120 174 6 228 253 47 239 245 10 225 63
96 138 2 219 231 51 247 251 66 84 25
101 161 3 216 248 38 246 252 15 121 35
142 179 35 229 239 63 242 242 58 30 11
91 148 2 207 238 56 236 246 40 116 34
72 117 18 162 200 83 221 253 139 248 68
68 141 5 188 229 30 244 253 20 58 18
144 193 21 225 245 57 226 235 18 87 26
217 229 46 231 242 76 229 231 37 94 28
254 251 55 254 254 88 246 248 53 241 67
140 186 9 240 254 50 242 248 13 247 68
143 198 17 226 248 53 227 241 13 65 20
98 112 37 198 218 143 242 246 178 201 57
48 51 16 67 94 26 92 151 22 11 4
233 238 43 235 246 101 233 232 33 235 65
152 197 7 219 242 48 213 231 10 144 43
217 228 38 216 236 86 215 222 32 210 59
135 185 15 227 245 60 228 237 21 92 28
226 236 48 223 241 92 226 231 39 114 34
64 116 38 175 215 77 195 234 25 9 3
218 229 92 214 239 162 221 230 75 127 37
117 171 25 187 226 50 219 252 63 13 5
252 254 83 248 253 121 251 250 64 143 42
132 183 6 224 248 43 228 237 7 237 66
115 174 5 213 244 36 249 255 24 49 16
249 248 51 252 255 86 242 245 51 187 54
107 168 14 228 245 41 240 242 18 46 15
240 248 53 237 249 95 238 239 43 135 40
85 112 172 124 153 64 185 250 51 7 3
251 239 64 252 252 133 245 255 138 205 59
99 136 10 214 223 50 254 254 79 132 39
235 243 53 243 254 105 240 254 140 254 70
70 123 30 191 222 104 235 251 118 177 51
64 121 6 174 208 64 220 241 84 254 70
52 117 6 152 197 59 214 245 91 218 61
62 116 28 157 203 102 207 245 136 105 31
75 129 2 198 219 34 233 240 43 180 52
63 118 3 178 209 53 208 255 166 81 26
101 163 5 234 251 30 253 251 11 189 53
83 134 33 171 220 117 207 247 146 119 36
70 121 3 179 203 43 233 252 94 66 21
74 88 38 144 193 116 168 247 136 185 54
85 105 44 165 201 130 194 248 160 222 62
143 198 15 216 242 51 214 231 8 222 62
48 118 1 167 211 38 205 240 63 77 24
61 86 17 154 206 31 189 251 2 137 41
116 161 4 227 248 46 239 240 15 202 57
92 141 9 224 243 57 245 251 56 217 61
161 172 183 234 238 240 249 251 253 71 23
100 103 8 149 185 107 187 243 149 168 49
122 153 167 195 193 66 250 251 38 14 5
236 239 164 254 247 111 252 246 63 173 50
50 110 5 155 199 68 217 250 104 89 28
90 66 10 131 152 70 158 232 112 119 36
143 156 31 232 250 142 254 239 168 240 67
50 59 183 104 168 173 164 234 16 22 7
105 131 49 239 243 109 242 225 25 159 46
65 101 35 182 233 138 240 248 34 177 51
93 147 10 218 240 56 252 252 40 231 65
95 141 67 185 222 152 241 253 219 54 17
74 101 30 180 214 124 199 233 117 204 57
111 172 4 219 246 46 229 241 10 239 66
119 164 17 217 235 52 241 234 22 25 9
232 243 87 230 244 125 230 231 61 99 30
241 236 90 238 247 210 225 245 237 96 29
112 121 21 228 235 135 251 253 162 103 31
58 135 12 175 229 78 208 239 62 86 27
125 165 91 212 244 188 244 250 232 26 8
245 247 55 254 254 78 248 248 49 101 31
156 204 14 243 255 54 246 253 17 135 41
70 103 5 162 202 87 198 249 114 199 57
58 75 9 119 176 14 146 252 4 28 9
250 232 198 250 249 245 232 233 234 201 58
123 121 58 185 205 165 214 238 209 59 19
70 83 13 136 186 36 174 251 38 170 50
65 119 23 161 208 104 209 247 133 112 34
132 194 87 235 251 95 253 253 77 220 62
91 125 87 207 236 189 242 254 216 219 62
76 88 20 148 185 125 168 234 166 52 16
61 88 30 140 202 63 167 252 53 188 54
105 145 9 176 206 51 217 245 163 114 35
99 112 10 157 184 49 185 251 197 75 23
92 115 12 141 163 45 172 243 179 15 5
167 199 55 247 254 123 243 245 189 222 63
53 78 23 107 169 18 144 247 5 7 3
232 230 88 224 242 217 218 239 226 161 47
217 228 41 237 249 89 224 232 44 238 66
63 139 14 211 230 34 247 245 21 146 43
132 182 5 238 255 47 246 251 11 217 61
42 36 7 87 143 12 113 243 9 36 12
183 236 95 242 255 72 253 248 34 81 25
164 192 100 249 254 193 251 244 102 89 27
137 191 8 236 254 61 238 249 19 242 67
87 131 7 215 235 81 236 234 57 58 18
93 126 75 177 205 144 226 243 178 76 23
76 133 0 200 223 40 237 244 46 60 19
237 248 62 238 248 84 229 236 47 130 38
131 166 7 232 250 67 241 241 42 210 59
106 171 4 222 247 40 232 239 3 208 58
155 183 174 247 254 242 240 242 213 44 14
129 179 5 221 245 40 226 235 5 228 64
72 107 23 212 231 80 236 244 19 183 53
180 210 43 222 240 61 226 235 41 113 34
245 251 52 242 254 100 239 243 51 223 62
95 152 6 208 236 39 254 255 34 112 33
238 248 77 249 254 157 254 254 223 186 53
112 173 6 227 248 41 236 239 5 101 31
252 250 57 252 253 111 251 250 60 218 61
168 202 26 230 242 65 217 226 27 250 69
240 241 50 254 254 83 253 251 56 114 34
92 132 9 221 234 66 239 245 72 120 36
113 146 38 230 254 203 232 252 240 32 10
122 147 6 230 245 84 252 242 118 114 34
100 132 29 219 220 75 247 254 129 202 58
112 169 6 220 249 44 231 239 8 201 57
74 146 25 219 233 40 253 249 22 61 19
94 151 29 192 217 52 238 243 60 13 5
244 253 83 253 254 87 247 247 66 49 16
76 130 6 213 241 79 236 240 40 70 22
56 97 15 175 219 105 193 242 92 225 64
99 157 5 226 251 38 237 243 8 168 49
70 135 4 187 223 36 239 250 33 87 27
160 207 16 221 243 51 211 231 12 188 54
127 158 16 226 235 62 238 243 73 168 48
113 164 1 226 248 57 238 239 17 133 40
102 158 3 224 253 45 244 248 11 148 44
96 143 10 202 225 52 232 255 129 213 60
81 99 62 157 205 52 186 252 8 234 65
95 100 24 145 201 129 198 245 78 89 27
79 120 129 203 239 145 242 250 14 111 34
61 64 19 126 169 22 164 247 8 21 7
94 119 63 161 197 129 177 235 151 98 30
79 92 7 131 203 86 168 250 46 183 53
89 137 71 170 180 58 233 249 145 66 21
59 88 25 129 191 46 177 249 52 238 67
90 81 72 141 161 145 182 233 183 65 21
77 73 98 120 147 171 185 234 209 32 11
87 76 81 124 142 136 173 228 196 49 16
92 120 28 153 182 45 166 252 162 85 26
79 64 168 104 105 201 95 121 207 3 2
62 129 12 152 209 40 199 254 96 253 71
77 63 95 109 142 121 144 230 141 27 9
94 118 8 153 201 109 198 253 204 113 34
112 139 136 213 226 207 245 240 208 129 40
98 133 14 177 199 45 223 252 137 153 45
75 97 50 167 200 129 196 249 143 250 70
76 70 31 124 172 130 139 230 141 114 34
85 66 69 120 147 127 135 224 165 95 30
91 44 7 96 190 156 155 247 36 77 25
112 170 5 219 248 45 230 237 7 193 55
93 153 9 214 244 38 250 253 19 232 65
100 104 33 160 196 35 190 252 20 46 15
51 91 37 124 169 34 182 238 17 4 2
217 234 56 229 244 111 230 233 38 146 42
65 91 11 157 193 39 199 253 38 103 30
103 139 6 210 220 47 229 243 124 119 35
100 169 11 230 249 33 254 251 7 53 17
141 163 42 234 251 189 247 243 210 187 52
112 120 52 222 232 155 248 242 157 212 60
60 97 23 183 220 68 213 249 19 113 33
65 82 17 140 189 21 175 253 9 62 19
97 91 41 113 153 117 157 252 234 13 4
108 163 7 216 243 34 254 254 28 164 47
73 84 21 104 144 51 129 229 132 3 2
119 160 6 227 245 61 251 250 46 115 34
81 151 10 195 235 36 242 253 33 107 31
96 148 3 204 228 50 248 249 45 53 16
102 102 11 141 171 107 173 231 188 51 16
67 79 45 142 188 127 158 238 130 145 42
102 114 37 177 207 148 210 245 200 107 32
92 101 7 142 167 36 196 247 85 166 48
101 85 20 156 197 54 183 250 65 230 63
82 106 30 161 190 35 206 252 27 89 25
77 94 42 156 190 117 181 242 134 235 66
52 126 13 187 226 50 226 249 71 162 45
84 123 9 176 202 65 228 248 139 247 67
57 71 96 153 181 81 187 247 68 55 17
108 132 6 185 203 54 234 250 127 128 36
189 209 227 242 253 253 255 255 254 90 26
110 135 88 226 234 162 255 241 167 170 48
140 181 6 226 246 51 230 237 21 253 69
77 135 8 181 221 72 230 253 105 137 39
98 136 10 204 219 62 243 246 145 160 46
109 135 15 203 232 117 237 250 161 163 45
99 120 31 143 168 77 196 241 178 72 22
79 133 11 198 225 66 224 247 133 99 28
126 173 30 223 245 77 230 233 38 49 15
84 85 35 146 184 111 167 245 136 184 53
92 110 11 158 185 71 195 240 105 70 21
73 86 33 132 173 90 164 241 120 118 35
81 75 52 109 127 121 135 178 175 19 6
73 103 38 152 210 42 189 252 11 253 69
42 42 11 64 84 28 82 125 32 9 3
117 144 174 177 201 228 237 246 249 5 2
77 111 2 125 159 28 181 254 177 30 9
94 93 128 146 160 178 207 241 217 22 7
124 177 93 250 253 169 247 242 79 251 68
78 115 16 188 220 46 231 254 20 51 15
94 136 11 220 228 58 253 248 68 250 68
116 137 16 202 221 103 246 236 150 105 30
91 68 17 132 187 83 130 250 104 144 40
106 144 9 180 213 69 216 243 96 26 7
118 118 22 172 210 34 190 251 26 23 8
72 61 5 110 164 8 132 248 6 62 18
99 145 8 177 217 69 219 253 109 86 25
83 103 23 152 180 67 222 231 19 14 4
178 176 173 254 254 254 251 251 251 27 8
182 209 96 236 255 197 241 250 242 47 14
77 129 1 176 222 71 221 254 105 255 69
96 129 14 196 223 93 233 254 130 173 48
94 151 10 208 235 40 252 253 37 194 54
71 88 5 112 140 25 165 236 110 29 9
78 144 7 191 230 61 230 254 70 146 41
86 132 29 169 209 95 214 253 137 83 23
81 145 16 182 226 48 218 248 26 14 4
185 212 42 237 245 166 241 245 237 26 7
243 224 118 241 251 217 235 245 191 210 58
110 169 7 234 255 39 248 246 4 198 54
135 180 6 230 248 44 229 236 6 166 46
135 189 6 224 246 47 227 240 10 124 35
147 199 13 239 255 56 246 254 19 107 31
186 219 58 229 249 155 230 233 202 99 29
135 148 25 206 229 107 229 240 143 27 7
61 141 6 180 226 29 235 251 19 104 30
100 150 5 210 232 33 254 253 27 150 42
82 78 50 109 145 97 153 240 161 93 27
64 68 55 124 176 47 144 249 13 44 13
70 129 6 155 209 60 196 253 117 202 55
75 102 67 161 218 133 177 237 40 60 18
72 74 57 112 165 32 137 246 11 43 13
98 141 8 190 231 94 215 253 125 39 12
156 201 12 243 254 53 248 252 17 111 31
156 203 17 243 255 57 248 254 20 116 33
78 88 15 148 194 37 183 252 37 207 57
79 151 14 207 239 40 247 253 44 231 63
125 177 4 227 247 46 230 238 8 167 46
116 153 3 221 235 47 244 236 26 171 47
121 177 4 221 251 43 244 248 13 110 31
70 62 21 103 153 19 126 242 15 12 4
254 250 57 253 254 104 254 251 55 236 64
97 139 11 223 231 55 245 253 96 105 30
131 180 5 232 252 47 237 243 10 243 65
118 181 29 232 250 47 243 242 16 70 20
200 225 53 253 254 82 241 241 39 62 17
252 241 123 249 253 231 239 253 251 84 24
106 150 7 232 247 69 252 249 41 163 45
88 143 13 212 235 63 252 252 62 223 61
128 165 176 242 222 63 244 247 15 41 12
92 146 10 225 241 40 252 248 19 238 64
61 101 10 169 220 99 197 232 17 116 33
109 150 120 246 255 156 244 239 33 185 51
123 171 5 228 250 48 249 252 26 192 52
84 130 5 204 232 68 231 244 50 204 55
76 107 23 155 213 78 208 250 16 149 41
96 107 26 176 241 185 245 245 35 68 19
217 241 51 248 254 74 243 249 36 174 48
86 83 21 103 146 117 158 232 200 55 16
81 115 47 169 199 42 229 252 20 126 36
111 152 21 217 245 99 234 247 86 25 7
107 166 26 191 230 65 240 253 84 13 4
240 250 63 238 251 103 240 244 48 116 32
138 173 12 229 246 65 233 236 38 130 36
63 101 35 175 218 77 192 244 28 42 12
95 143 5 222 236 48 248 250 50 104 29
113 170 3 219 245 44 228 237 6 94 28
226 232 62 227 244 101 220 230 71 238 64
163 192 23 223 234 84 229 252 202 16 4
194 214 38 204 226 64 202 214 30 159 44
109 148 9 203 227 62 230 250 99 37 11
249 236 58 254 254 109 244 251 125 165 46
130 182 54 228 255 107 237 249 76 221 60
75 144 3 187 227 27 235 249 18 171 47
64 94 14 161 195 36 201 249 12 58 16
59 38 4 91 146 5 113 244 4 109 34
63 88 112 179 231 149 206 253 34 167 47
91 137 9 168 194 42 251 253 93 22 7
127 140 19 241 253 146 252 232 42 121 35
219 223 50 249 253 96 250 255 99 173 48
70 137 8 191 230 56 238 252 54 99 29
82 134 7 192 215 83 228 249 202 42 14
162 198 13 235 250 153 249 238 205 193 55
90 117 6 152 185 54 193 249 142 107 31
136 117 28 148 154 107 202 218 179 5 2
87 77 9 132 180 34 159 249 39 195 54
118 105 13 182 196 59 215 247 78 184 52
85 70 13 117 172 17 140 246 9 68 21
124 189 89 237 242 74 252 248 42 39 13
245 251 102 252 253 199 248 253 245 201 56
131 166 14 239 236 60 244 243 198 186 52
135 161 15 223 235 66 227 243 88 168 47
110 167 7 224 249 50 233 240 10 197 55
128 152 38 236 247 122 253 255 169 54 17
147 173 45 223 249 171 243 248 238 32 10
142 154 33 242 242 103 247 252 131 87 26
149 182 22 232 242 97 234 221 181 150 43
95 150 3 215 243 52 233 237 16 174 49
136 167 7 233 247 65 234 235 37 237 64
122 174 4 224 245 43 226 235 5 229 62
193 205 68 235 246 164 226 236 102 150 44
66 101 4 136 181 38 176 244 57 49 15
82 132 15 217 233 53 250 251 25 223 61
102 136 10 171 216 97 220 245 169 84 25
93 113 34 195 217 63 225 250 23 106 31
121 174 4 226 247 48 233 240 12 243 66
240 252 48 244 254 80 238 248 42 250 67
126 91 0 141 160 50 138 224 84 40 13
113 112 9 157 186 48 181 238 61 108 32
124 142 15 194 214 54 232 246 73 248 67
121 173 44 222 238 73 254 254 77 34 11
71 137 15 216 232 41 251 251 28 227 62
157 194 34 242 252 68 254 254 51 36 12
140 174 60 240 254 152 246 248 197 142 41
131 137 32 180 207 67 207 250 78 88 27
100 164 9 218 249 46 248 253 24 59 19
239 244 51 244 251 81 236 238 42 120 35
248 249 62 248 253 106 253 248 52 182 51
117 176 4 225 246 52 230 241 9 115 33
183 208 34 225 243 63 230 240 52 104 31
118 154 13 183 222 47 224 252 77 166 47
121 112 11 138 171 49 170 249 103 60 19
98 159 31 228 240 49 251 248 44 180 51
84 74 23 100 117 71 159 214 173 18 7
113 118 30 233 251 177 245 237 189 84 26
63 83 13 135 187 90 159 240 97 160 45
122 115 23 126 144 79 175 221 181 5 3
84 158 19 212 243 50 248 251 53 172 49
98 137 32 221 233 90 253 254 110 241 65
108 152 28 207 240 109 228 253 159 23 8
166 195 23 245 254 77 244 249 49 161 46
86 141 6 205 235 63 251 254 67 184 52
81 129 13 210 228 56 244 253 78 164 46
124 117 15 144 151 66 192 228 164 18 6
102 124 18 221 225 56 243 249 26 176 50
213 230 45 246 255 122 251 254 53 110 33
191 225 39 235 252 106 254 254 144 197 55
132 108 12 163 193 87 136 214 77 25 9
53 54 24 77 93 75 151 180 178 15 6
120 130 82 235 253 213 244 249 213 63 21
74 72 14 118 174 48 147 251 68 158 46
63 116 1 134 186 64 197 251 132 79 25
65 110 21 181 219 79 223 247 34 140 41
77 86 7 165 217 41 179 251 2 230 63
77 106 30 166 212 79 218 251 23 136 40
93 115 9 148 178 41 208 251 98 229 63
74 67 38 86 84 120 163 141 227 0 2
91 84 17 125 157 75 175 247 151 98 29
70 119 26 219 230 96 252 253 115 248 67
68 82 13 133 186 35 176 248 41 86 26
76 100 38 157 183 88 199 243 112 92 27
127 142 61 231 253 191 247 248 213 106 32
77 134 8 155 195 33 208 252 160 213 59
68 114 4 159 199 37 202 250 52 226 62
79 136 18 185 203 31 225 251 92 117 34
80 132 2 171 208 25 219 252 81 116 34
116 150 126 248 246 138 251 234 38 204 56
98 131 131 220 221 80 253 254 18 138 40
57 55 67 72 170 236 167 227 155 12 5
65 75 21 105 207 207 201 228 57 33 11
82 144 4 198 230 38 248 255 33 200 56
69 103 79 167 231 158 209 244 37 38 12
243 247 208 248 234 149 248 253 193 240 66
68 110 4 172 208 47 203 248 46 236 64
93 102 5 140 180 61 166 248 111 53 17
135 146 26 227 242 136 255 247 174 229 63
80 118 7 199 237 126 200 233 118 155 43
64 136 7 170 221 62 223 253 93 160 46
69 106 8 164 206 41 207 252 47 247 67
66 92 12 164 206 57 190 251 46 221 61
78 136 7 189 225 71 237 254 96 195 55
82 89 4 124 170 62 157 243 116 154 44
98 127 12 190 214 74 229 249 137 157 45
98 83 12 102 131 56 151 236 150 26 9
72 121 18 190 230 119 212 243 121 149 43
93 147 70 233 234 59 254 251 20 240 65
78 58 20 121 170 67 140 243 74 150 43
79 54 122 126 195 180 163 243 22 56 18
67 93 120 169 227 156 199 247 33 129 38
95 114 55 240 243 123 245 242 37 163 46
217 249 116 249 251 96 251 252 96 128 37
78 107 30 147 183 110 190 238 167 37 12
122 148 76 239 254 166 254 252 51 97 29
70 75 36 111 148 92 193 235 101 34 12
80 81 83 110 124 94 199 243 180 22 8
58 134 8 165 209 31 242 252 39 51 17
174 213 182 244 232 92 251 242 33 196 55
70 65 118 147 207 164 170 247 34 86 27
84 128 11 161 195 29 205 252 131 255 69
106 163 6 221 249 41 251 254 18 238 65
101 167 27 232 241 41 253 253 20 246 66
133 144 61 233 254 199 248 242 212 178 50
78 111 3 146 174 23 178 248 127 70 21
51 50 152 85 169 175 132 239 42 28 10
51 78 76 148 213 116 181 247 11 210 58
72 61 152 128 196 201 172 240 42 53 17
48 43 138 84 143 182 113 242 29 26 9
240 237 62 239 251 119 237 240 71 248 68
105 135 198 185 206 59 238 249 40 13 5
244 241 66 245 253 122 243 244 73 141 40
109 159 2 224 243 40 238 241 20 201 56
114 134 5 183 233 38 241 242 194 90 28
161 207 226 252 244 88 250 250 25 117 35
82 92 135 139 131 44 137 254 203 36 12
58 66 214 91 168 209 145 235 61 11 5
80 77 65 141 190 104 161 254 96 171 49
96 117 35 151 200 117 185 250 167 181 51
63 114 39 171 216 127 204 242 136 253 68
83 48 8 111 147 117 115 214 141 85 26
80 64 66 122 145 122 152 225 157 110 33
58 71 227 77 119 226 97 123 88 2 2
61 96 107 141 241 192 213 250 21 160 46
86 124 27 208 229 111 252 254 134 209 58
58 124 11 159 203 59 217 244 81 234 64
52 62 91 113 134 148 196 232 226 19 7
57 87 59 145 174 109 198 239 134 81 25
100 130 96 234 222 54 253 255 24 233 64
100 111 22 171 251 208 251 241 34 67 22
98 105 122 171 226 32 219 246 208 127 37
67 84 103 150 235 196 225 252 21 158 46
104 148 19 218 223 47 236 243 186 194 54
113 120 90 133 148 83 174 246 217 6 3
86 97 41 140 162 54 167 246 145 33 11
136 145 118 232 252 235 237 239 219 104 32
58 84 11 150 202 25 181 251 4 124 36
86 128 97 205 243 164 244 239 35 51 17
123 159 59 229 252 179 234 252 196 33 11
238 247 59 239 251 109 238 245 53 200 56
116 180 8 232 254 56 250 253 20 178 50
178 206 30 241 250 70 230 233 34 255 68
76 120 2 176 197 38 211 252 122 80 25
93 94 27 123 162 81 165 251 149 134 39
80 111 17 156 196 26 194 253 13 59 19
71 85 8 136 180 14 176 253 8 82 26
122 165 9 219 235 51 250 247 41 45 15
57 91 17 118 144 56 193 252 227 9 4
128 158 30 220 236 95 247 248 165 197 56
58 116 5 161 210 68 191 240 102 68 21
126 168 0 231 249 48 240 237 11 49 15
133 183 3 235 252 51 240 247 15 76 23
71 95 134 139 184 190 150 225 169 8 3
169 191 21 238 243 103 228 244 218 79 25
127 169 14 235 249 94 233 247 168 92 28
92 125 26 172 202 46 189 231 24 12 5
251 230 161 245 246 228 224 227 225 254 69
63 129 1 176 215 43 224 238 39 62 19
112 155 4 219 233 44 233 237 35 195 55
53 127 14 176 221 70 225 247 63 95 29
98 152 11 204 229 52 231 232 28 30 10
252 235 77 253 253 126 250 252 124 240 65
108 165 7 232 251 50 246 242 14 143 42
112 139 31 234 252 156 237 234 92 47 15
141 156 24 246 246 92 247 247 112 227 62
61 113 15 176 212 50 232 253 28 93 27
150 195 19 228 245 55 222 233 18 134 39
189 223 35 221 240 61 218 233 26 133 38
68 84 17 80 107 42 95 159 123 2 1
251 248 73 241 245 133 248 250 232 69 22
59 129 43 165 204 55 212 240 51 15 6
164 200 22 231 243 58 222 228 16 56 18
101 152 7 218 241 61 250 250 42 75 23
70 111 63 221 241 122 231 238 37 223 62
93 106 1 146 194 101 167 251 197 53 17
109 146 10 213 233 59 228 246 145 190 54
93 148 8 206 235 37 252 253 32 201 56
94 122 4 165 185 42 186 244 189 57 19
111 143 2 184 213 50 193 243 181 54 18
132 145 24 215 236 124 249 236 160 184 52
89 95 70 146 161 86 184 244 142 82 26
60 109 59 160 239 140 208 253 22 159 46
64 128 8 154 209 72 200 251 113 237 65
94 149 7 217 238 37 254 254 31 224 62
180 229 50 251 254 233 250 240 254 190 53
88 153 10 207 239 37 251 253 34 206 57
79 56 125 109 118 187 177 211 234 25 9
77 120 11 194 224 38 245 251 14 78 24
54 139 4 173 224 32 234 250 21 52 17
85 115 46 168 196 40 227 253 19 86 27
228 243 41 254 254 70 241 246 32 87 27
187 225 26 248 252 60 236 245 17 66 20
240 250 91 248 254 150 246 249 78 232 64
118 170 4 227 251 42 238 242 6 185 52
71 107 25 174 215 55 211 253 29 118 35
89 143 3 175 209 43 230 248 63 35 12
86 117 17 165 226 38 216 254 180 159 46
57 90 11 145 187 35 193 251 35 201 56
68 145 4 180 230 35 228 252 33 130 38
80 91 14 135 167 120 201 234 184 44 15
137 190 12 241 253 57 250 253 17 52 17
158 175 43 250 247 88 249 254 108 65 21
76 131 12 214 238 65 244 250 25 250 68
81 143 12 202 229 40 251 251 29 185 52
73 134 12 192 226 41 240 252 26 167 47
78 140 12 218 242 61 245 248 28 191 54
62 85 75 135 185 56 164 245 10 48 16
58 121 39 189 242 147 240 247 81 172 49
69 113 86 206 235 170 235 246 122 194 54
80 71 47 90 112 97 98 155 141 13 6
73 94 96 129 164 38 200 253 52 59 19
65 100 59 168 211 127 185 241 102 213 59
88 93 30 144 177 134 179 224 182 47 16
74 44 75 87 149 90 124 237 19 103 32
66 119 6 154 194 42 202 254 117 176 49
105 160 5 226 251 44 247 250 12 154 44
76 131 4 173 214 70 217 253 103 239 65
82 152 12 201 236 36 250 254 26 249 67
77 59 7 118 178 65 116 245 81 156 44
70 26 63 89 133 115 101 240 152 70 22
