22 81 117 59 131 179 57 146 202 89 18
231 230 224 213 180 219 120 71 171 83 26
195 200 206 237 238 238 251 252 253 72 39
79 132 77 51 86 44 2 24 35 100 9
248 253 249 105 251 142 11 31 167 120 26
35 61 94 97 132 135 191 204 103 210 16
53 76 101 96 132 133 189 206 107 72 16
50 80 87 94 140 124 183 210 95 165 16
121 207 181 69 233 167 167 212 125 193 24
6 254 247 50 217 255 10 49 181 23 25
255 255 255 255 255 255 255 255 255 180 46
1 8 153 9 104 141 38 239 162 21 16
13 228 42 208 229 167 54 95 231 241 24
10 0 28 13 12 51 7 16 68 32 8
8 17 39 36 64 131 30 55 176 12 10
19 11 62 90 111 186 162 172 231 247 17
23 28 65 114 104 151 211 171 220 101 16
16 225 70 207 231 208 135 151 248 174 27
10 221 40 218 240 120 62 90 165 152 22
151 163 44 72 76 85 57 45 170 68 11
204 186 33 20 68 92 13 34 144 190 11
248 249 50 241 118 161 151 39 230 6 22
250 46 49 244 91 122 37 26 172 203 18
114 36 206 51 233 242 198 253 217 131 32
57 74 241 170 104 235 105 253 155 135 25
23 6 31 20 24 77 7 25 105 24 8
57 50 46 47 55 103 40 47 153 252 10
24 15 50 82 89 136 102 115 169 51 12
10 9 48 103 130 164 208 218 170 182 18
11 13 35 18 42 110 17 50 169 67 10
43 45 60 70 91 138 62 98 175 114 12
118 228 252 195 254 247 243 249 191 154 38
80 213 129 152 227 236 204 254 146 148 30
25 8 42 120 112 102 206 221 159 249 16
80 60 57 125 138 154 174 188 156 41 17
116 61 49 139 135 111 130 188 135 142 15
202 199 140 242 236 166 252 236 136 107 32
81 33 51 179 71 59 249 111 81 27 14
40 92 130 55 159 206 200 239 134 130 21
52 159 61 164 247 121 181 234 86 129 25
47 165 214 83 170 203 250 240 152 148 25
21 179 209 106 111 161 252 237 138 65 21
18 19 51 108 109 151 153 148 198 157 15
22 6 46 53 54 142 80 104 225 67 12
37 11 31 115 65 105 169 85 152 181 11
6 28 68 187 207 231 237 242 247 89 30
24 2 41 51 90 134 100 206 212 65 15
142 252 170 102 246 253 68 162 241 1 30
37 174 156 145 213 218 101 89 121 250 21
175 73 42 154 136 140 225 230 169 122 20
224 193 128 244 242 207 251 247 208 80 36
3 16 31 16 38 113 14 35 181 6 10
33 69 127 51 234 139 76 254 159 164 23
22 75 27 32 81 110 29 65 178 219 10
20 253 88 107 73 186 173 227 210 234 19
152 23 40 227 120 139 235 179 177 99 21
26 28 101 49 113 237 54 152 254 189 19
20 25 36 84 133 149 102 172 145 29 14
13 1 33 9 89 92 18 215 160 78 13
241 15 27 157 102 125 147 209 164 95 18
23 15 31 33 99 198 252 251 252 217 22
58 175 203 143 233 242 236 251 194 185 33
7 88 201 36 180 213 80 251 131 254 23
11 15 83 29 78 161 63 147 198 107 13
1 88 145 29 241 254 32 253 166 221 29
8 4 46 26 43 110 21 62 158 209 10
12 1 26 8 110 114 19 231 163 109 14
134 149 154 188 216 206 225 231 130 71 28
102 134 142 120 167 151 185 213 99 168 19
101 120 138 158 193 185 127 167 91 15 20
43 40 14 58 100 61 96 191 123 64 12
10 1 39 50 32 65 83 56 79 152 9
233 8 252 245 89 213 251 180 168 0 28
1 135 55 19 198 142 30 231 156 180 19
3 10 201 10 109 214 23 191 132 241 17
2 13 194 26 201 242 4 176 107 156 22
128 115 139 50 60 122 19 46 148 188 11
248 249 248 138 164 215 19 58 195 48 23
251 233 254 185 139 175 5 38 201 94 22
111 171 210 34 84 160 27 63 192 232 14
237 248 250 63 95 167 16 55 204 61 18
174 217 129 35 86 145 9 31 202 232 13
38 58 86 29 62 142 14 48 189 192 11
98 144 154 46 76 149 26 45 200 149 13
90 102 91 54 76 123 25 44 161 136 11
255 255 255 255 255 255 255 255 255 167 47
172 103 67 223 170 158 231 172 147 95 22
233 213 186 247 247 244 250 252 253 73 41
84 74 46 154 203 97 47 212 98 74 19
23 45 74 62 134 176 135 219 202 199 18
43 24 22 62 168 108 27 255 135 8 17
151 22 41 91 38 124 21 36 181 180 11
212 42 60 214 96 228 213 103 249 255 24
24 165 29 61 193 180 47 226 134 35 19
156 14 64 83 53 197 172 43 104 164 13
49 194 173 37 222 168 13 151 130 124 20
115 36 101 70 36 150 83 41 150 165 11
16 18 52 86 93 130 93 97 129 168 11
8 1 31 29 28 79 31 43 111 137 9
25 26 7 170 177 143 173 159 95 200 18
6 59 243 27 76 245 23 52 203 67 20
101 157 88 30 160 131 251 252 133 30 20
195 58 168 104 106 254 202 111 243 29 23
6 33 74 23 141 222 166 242 196 136 21
9 29 110 23 31 75 12 15 55 153 9
123 117 71 218 214 169 255 255 227 182 30
23 0 31 166 135 122 254 236 159 28 20
12 77 37 1 114 102 15 152 84 220 11
15 240 57 57 254 238 244 254 225 37 33
29 6 31 37 23 73 35 38 107 51 9
61 25 63 103 45 67 155 73 57 191 10
63 117 128 127 182 176 162 187 146 83 20
247 124 33 208 101 108 143 70 182 137 17
3 242 15 111 77 166 33 233 229 188 18
2 12 7 201 204 98 250 253 77 31 24
103 94 98 76 132 162 236 230 108 48 19
22 8 55 81 80 101 218 203 131 28 14
17 28 44 47 65 138 32 47 185 216 11
166 210 169 128 216 184 70 213 206 20 25
23 120 254 40 117 185 159 230 222 7 22
179 216 177 250 254 228 249 251 186 236 38
89 120 87 122 195 165 186 233 96 104 22
7 140 210 124 217 215 202 235 115 245 28
34 19 61 127 159 131 194 240 61 182 19
96 96 140 165 105 204 248 91 198 111 20
14 1 18 229 77 107 249 71 193 231 18
244 19 76 251 125 94 253 236 88 33 25
72 184 174 68 180 177 26 112 123 169 18
5 10 66 15 36 97 27 57 123 7 10
8 13 65 39 56 130 236 188 195 204 16
7 19 102 21 54 144 31 68 158 88 12
176 211 249 109 129 209 93 78 186 65 21
185 150 48 235 254 222 243 247 187 233 37
98 62 54 131 242 245 51 225 150 83 28
83 41 45 125 104 81 148 163 102 120 13
243 131 143 68 46 113 35 88 190 17 15
9 7 89 58 251 175 238 249 158 225 28
72 42 78 132 111 139 209 183 166 177 17
24 11 54 79 94 176 5 33 129 1 13
6 13 28 30 50 70 27 57 88 147 10
110 153 148 164 158 166 176 112 147 127 19
74 92 86 124 176 195 90 159 177 26 19
212 156 229 217 157 244 252 240 251 212 35
6 68 157 82 63 93 10 59 141 241 12
80 191 202 44 179 200 200 235 114 33 24
189 187 246 244 240 250 252 247 185 251 40
56 24 49 57 55 92 88 119 152 92 11
22 39 45 151 148 132 246 225 182 142 21
47 82 34 99 232 253 11 176 223 230 27
12 7 37 16 23 65 16 39 100 129 10
9 21 39 33 55 130 22 51 205 1 12
9 27 47 25 53 132 20 53 210 149 12
16 32 49 28 57 138 24 58 214 36 13
123 254 54 64 66 105 65 103 183 4 13
13 1 41 22 12 64 13 13 80 80 9
238 110 49 253 231 210 245 250 247 167 38
17 31 192 239 241 209 174 241 139 157 33
25 238 255 232 255 249 255 252 240 109 42
173 35 53 42 60 220 33 40 160 173 15
11 23 35 23 48 71 51 87 122 136 10
34 22 50 50 57 78 253 242 175 136 18
238 235 114 217 225 233 102 95 195 86 29
61 41 15 14 15 13 1 6 21 221 9
182 92 85 136 121 147 222 219 181 92 20
63 26 57 33 15 65 22 25 98 145 10
165 50 95 236 96 157 233 55 142 69 20
1 22 79 34 165 239 12 228 252 236 24
222 252 31 212 252 231 252 209 165 243 35
16 49 164 102 96 166 184 140 162 209 16
37 1 21 113 77 80 188 167 127 85 13
6 33 83 44 229 255 25 254 254 30 31
3 17 6 6 40 253 23 247 226 81 22
182 245 10 37 38 250 47 44 168 229 17
1 4 16 135 150 126 159 190 111 153 16
1 36 148 24 25 84 21 28 101 241 11
134 248 254 139 125 237 248 72 224 96 26
157 73 146 245 227 233 219 248 188 18 35
3 4 4 5 7 11 4 9 17 76 9
53 141 225 241 253 253 200 236 197 187 39
238 146 26 231 202 139 241 250 215 145 31
246 27 90 254 70 135 251 73 124 123 21
4 2 27 20 14 47 32 29 66 106 9
3 21 61 90 66 125 173 80 167 137 13
12 39 71 25 126 133 28 213 182 136 16
6 20 45 55 21 64 236 98 120 83 12
70 142 219 237 250 250 252 252 248 195 41
46 150 192 38 73 170 104 68 224 76 16
133 179 218 159 200 187 211 232 119 53 27
51 87 210 148 188 236 247 251 166 47 30
70 103 100 212 185 87 255 251 117 157 25
252 254 29 254 34 68 97 53 166 87 19
249 253 242 244 252 254 27 49 119 83 35
113 48 15 56 102 116 220 214 159 99 17
255 255 255 255 255 255 255 255 255 44 47
64 75 104 33 59 107 9 51 119 90 11
11 31 80 49 120 184 248 237 135 199 20
16 139 149 158 146 155 227 60 96 75 17
133 33 44 61 64 90 84 171 158 120 13
112 22 58 140 81 146 47 25 114 86 13
24 31 245 73 71 225 127 129 218 36 20
31 16 64 74 63 132 112 103 187 104 13
32 49 92 112 186 224 97 222 247 120 25
63 20 47 179 137 141 251 230 211 34 22
4 17 38 19 27 64 50 47 105 234 10
8 251 254 70 254 250 157 254 221 41 36
31 20 199 13 48 162 157 232 146 228 18
19 55 35 43 82 114 20 53 145 24 11
14 12 48 26 30 76 19 30 95 183 10
62 94 233 80 94 205 92 111 231 3 18
69 94 228 87 93 198 104 115 227 33 18
46 65 86 121 155 200 247 252 254 117 26
183 39 77 170 97 197 123 94 220 135 19
20 48 148 25 25 86 41 34 91 147 10
51 214 174 49 177 208 25 155 175 157 20
164 43 48 100 61 137 57 89 224 207 14
225 26 54 241 108 163 80 100 255 225 23
198 30 45 220 93 121 54 75 220 203 18
200 43 54 90 47 133 45 91 232 78 15
13 21 44 54 69 124 37 60 167 4 12
28 48 209 123 78 240 227 90 252 230 22
14 43 48 67 79 109 109 94 159 94 12
78 82 111 109 114 166 117 130 182 101 15
32 38 68 87 114 122 151 188 142 187 15
6 23 71 53 107 143 146 192 137 29 14
5 9 46 22 40 89 22 48 117 175 10
189 205 216 164 170 151 155 213 209 58 24
9 13 53 36 58 128 18 57 166 137 11
139 179 153 81 140 137 144 216 220 233 19
23 24 53 85 245 142 183 144 188 118 22
17 18 99 84 235 124 151 174 202 183 22
81 86 58 144 181 165 155 227 222 218 23
114 92 55 163 185 167 165 229 228 190 24
255 255 255 255 255 255 255 255 255 185 47
207 206 221 214 213 206 228 240 217 118 34
145 172 178 79 109 121 27 60 77 234 13
109 146 184 145 183 179 191 231 159 44 24
145 189 202 173 218 198 227 239 125 28 29
11 7 3 25 28 22 45 58 42 241 9
203 215 232 249 254 254 253 253 252 176 44
9 10 10 38 32 15 131 112 59 237 10
123 126 146 169 170 143 226 225 123 75 22
12 114 145 107 175 150 231 240 115 125 22
8 2 199 38 46 151 249 245 124 16 19
24 31 254 253 231 254 238 254 209 95 39
105 141 152 96 160 179 246 241 150 249 23
11 5 22 19 42 59 216 234 165 46 16
13 253 64 41 234 150 169 159 113 249 21
40 55 57 96 132 113 158 185 80 3 15
142 245 254 21 88 100 66 90 102 50 14
54 3 9 108 116 53 183 250 95 211 17
64 5 15 108 138 81 122 252 124 232 18
204 32 7 247 233 254 34 73 118 42 30
186 224 88 226 44 231 190 254 104 150 26
217 219 221 191 193 195 116 122 128 185 24
238 44 241 146 93 236 242 251 251 77 30
9 26 33 108 118 79 209 222 130 176 17
44 15 43 80 79 108 36 91 148 153 11
66 84 128 98 133 155 130 178 154 86 16
13 35 64 27 66 143 21 71 203 112 12
35 24 41 160 62 115 250 59 161 237 15
12 12 34 15 30 67 11 41 99 2 10
209 251 102 129 251 227 247 78 188 12 30
97 33 238 80 52 167 23 81 179 119 15
113 45 47 125 77 151 190 99 204 237 15
221 230 241 246 252 254 254 254 254 135 44
254 168 38 209 87 79 187 42 152 252 19
241 252 255 153 204 253 237 252 255 219 37
108 188 76 37 33 254 19 244 177 162 21
83 90 53 186 140 115 237 147 149 43 18
31 104 72 68 97 169 55 42 227 188 14
255 255 255 255 255 255 255 255 255 204 47
40 204 247 30 88 168 114 100 216 176 17
168 203 230 182 55 98 251 211 89 202 21
16 9 27 31 93 189 252 247 238 231 22
10 9 33 42 71 129 254 244 243 229 20
30 33 71 53 71 122 253 246 237 53 20
253 19 254 253 83 233 245 143 182 16 30
21 27 77 55 118 188 191 246 231 13 21
27 27 60 26 45 104 44 84 175 52 11
2 65 129 28 77 105 23 98 153 208 12
61 60 46 178 91 143 251 85 204 26 18
26 78 60 38 101 111 179 211 186 91 16
253 254 58 242 254 227 248 254 245 37 41
176 188 11 181 248 179 239 248 70 121 30
73 42 122 90 56 139 85 55 144 244 12
67 55 35 187 173 146 253 248 222 183 25
249 253 217 253 253 231 250 242 177 99 41
5 201 16 3 48 40 20 3 73 182 10
30 1 68 234 95 127 146 67 177 116 17
25 26 50 98 102 137 132 141 196 113 14
26 187 146 27 103 122 73 61 160 193 13
7 34 181 44 69 214 20 40 177 170 15
8 65 58 94 141 119 214 252 219 156 21
14 41 50 50 77 129 27 52 174 2 11
65 66 187 165 102 220 236 99 235 158 21
74 56 189 158 103 228 204 102 223 116 21
12 4 54 43 101 224 252 232 240 192 23
20 50 190 52 67 181 26 45 165 167 14
10 156 62 111 118 183 228 108 219 50 18
194 217 48 103 241 142 252 161 141 204 25
11 13 39 53 102 139 185 215 151 247 16
5 87 81 98 207 237 253 254 180 220 28
27 18 72 85 88 111 140 170 157 147 14
17 52 44 89 126 120 190 213 178 59 17
19 45 139 102 154 247 203 148 164 116 21
7 6 19 62 45 46 172 130 100 153 11
149 75 77 194 118 108 60 75 162 226 15
15 250 249 33 243 251 15 184 215 153 29
101 42 53 148 103 122 79 89 170 132 14
29 4 73 113 144 114 147 247 110 147 18
22 12 131 48 248 202 165 71 174 95 23
89 137 157 210 239 238 241 248 227 74 35
28 29 41 63 60 107 93 62 141 6 11
241 233 241 44 84 173 240 235 241 108 26
41 87 48 55 174 158 44 233 214 49 20
251 253 255 255 255 255 255 252 247 39 46
14 195 254 30 140 250 253 114 81 158 22
3 14 15 5 27 18 23 64 38 122 8
16 47 87 72 104 145 85 119 162 17 13
44 248 41 244 248 228 250 136 127 155 32
18 60 31 59 90 52 252 233 124 211 17
2 47 226 38 37 150 35 36 157 17 13
248 40 77 209 187 173 226 253 198 158 30
28 52 40 82 112 109 253 253 198 49 20
45 10 37 65 72 103 197 211 165 78 15
247 146 50 115 131 112 202 175 113 153 18
1 5 224 25 48 247 10 21 131 133 16
9 180 14 166 215 103 41 42 117 190 18
29 45 51 84 95 144 85 66 160 88 12
19 4 45 30 254 45 254 139 125 106 22
100 128 253 23 30 224 250 241 69 156 22
22 246 46 47 252 239 75 94 99 31 24
19 7 75 13 83 94 39 211 159 108 13
139 151 34 99 120 67 26 29 27 227 12
9 35 248 36 52 232 9 19 153 150 16
9 45 75 142 91 248 104 215 163 203 20
40 238 58 30 123 113 48 101 202 69 13
53 102 252 47 49 146 22 58 197 95 14
41 120 51 27 81 121 29 58 205 215 12
34 224 60 21 91 117 38 47 209 252 12
253 253 253 253 253 253 253 253 253 77 46
1 42 228 42 2 70 60 23 64 238 11
202 81 144 41 96 252 54 86 148 51 18
15 49 17 50 83 53 94 121 79 41 10
250 253 250 238 254 250 152 239 177 79 40
156 204 219 149 226 222 57 154 94 233 25
51 65 55 115 127 115 101 109 89 41 13
118 49 56 195 210 165 243 254 96 204 27
89 117 132 128 171 161 194 223 119 117 21
36 28 119 42 32 120 49 57 170 191 11
121 20 5 39 55 87 254 254 172 177 18
1 7 145 124 154 165 192 232 103 4 20
15 128 29 19 77 67 73 77 148 148 10
9 11 32 47 62 103 28 60 141 23 10
232 253 219 90 205 241 244 249 183 228 32
250 234 254 243 101 67 6 33 122 127 22
57 80 153 61 240 190 85 250 187 118 26
238 211 84 105 79 122 205 249 101 159 20
1 254 161 40 86 108 179 165 197 90 15
11 31 52 65 104 115 110 142 136 12 12
13 27 35 37 80 116 33 107 170 99 11
43 63 72 150 190 191 206 233 219 46 24
8 109 233 155 217 254 252 254 254 141 34
93 15 17 78 47 88 27 43 121 38 10
237 217 197 164 204 237 6 80 135 86 27
15 9 193 66 78 250 96 116 238 113 22
25 20 81 80 110 172 154 204 220 76 21
16 56 72 61 119 148 162 205 214 100 21
27 23 84 73 103 165 160 209 225 25 21
23 52 84 101 140 171 146 192 214 229 22
91 139 112 113 154 128 250 254 212 43 26
10 23 21 41 147 93 15 211 114 67 18
31 25 244 121 114 160 52 185 197 166 20
200 179 85 100 143 152 22 91 168 202 20
253 221 207 141 115 130 139 148 195 6 23
20 55 80 50 117 166 154 182 165 37 19
12 19 29 30 49 80 15 51 122 145 14
93 14 251 228 109 250 245 133 212 187 28
26 40 83 65 102 169 78 139 226 103 19
11 24 58 44 117 220 38 119 220 129 21
5 34 55 118 152 174 180 203 194 195 22
17 10 52 50 60 125 27 60 167 118 15
212 82 47 133 93 157 38 78 234 247 20
32 2 78 253 93 100 50 54 185 11 19
48 18 55 80 74 138 62 83 170 185 16
13 193 46 29 83 94 59 43 152 137 16
34 231 252 111 129 135 251 124 162 241 22
21 24 60 102 84 138 159 111 196 53 18
13 70 65 52 119 167 21 86 187 140 18
246 158 213 254 162 238 250 120 240 107 33
5 43 37 249 229 149 248 248 198 244 32
128 44 76 104 106 241 233 172 231 215 26
24 9 102 149 65 133 184 51 144 252 17
68 41 67 58 114 241 202 191 239 206 25
29 17 54 99 101 144 52 108 210 42 18
21 115 103 164 222 173 251 254 200 104 31
0 67 15 191 221 124 253 254 150 63 29
3 101 37 139 224 124 245 205 131 136 26
196 28 62 63 248 69 221 77 128 20 24
132 163 31 81 214 163 36 227 173 177 26
21 7 36 71 70 78 231 214 144 121 19
9 1 31 109 96 80 246 233 143 124 21
56 124 101 54 155 173 250 242 129 101 24
87 108 169 61 119 174 254 240 128 100 23
3 16 81 46 26 97 241 140 168 125 17
95 248 187 104 228 133 180 255 152 95 30
17 28 42 210 217 225 252 253 253 247 35
15 28 40 56 72 87 95 110 123 99 15
10 138 180 206 248 244 238 235 156 221 35
161 179 78 147 214 177 229 250 212 133 31
179 214 232 106 224 193 32 245 157 124 30
8 55 140 72 104 103 118 109 135 71 16
7 10 74 28 44 121 27 57 150 181 15
14 33 66 56 84 147 17 54 174 174 16
10 5 93 61 73 186 21 50 184 198 17
20 25 82 49 70 154 33 70 186 99 16
13 31 140 49 74 193 60 87 207 155 18
1 45 254 107 82 251 232 123 244 230 26
52 76 79 171 185 131 225 234 101 23 24
42 83 81 171 195 140 228 236 110 110 25
26 19 57 241 86 113 249 47 151 170 21
30 137 60 33 135 240 69 255 235 250 27
7 24 163 25 43 196 8 21 162 213 17
6 20 190 24 43 216 10 18 169 209 18
245 21 21 243 66 79 23 20 175 200 20
217 11 34 52 59 136 76 214 240 42 21
11 39 64 80 125 177 136 155 172 236 19
252 252 252 254 254 254 252 247 240 63 45
96 111 117 147 156 154 191 164 124 142 21
16 93 153 52 74 96 30 45 131 96 15
199 212 197 236 240 242 26 58 184 190 32
41 50 100 115 145 222 204 207 247 170 26
38 35 118 131 139 192 254 246 201 250 26
4 4 31 24 77 246 192 243 175 187 25
8 6 27 13 23 194 13 236 187 147 21
9 10 72 15 14 73 7 12 80 63 13
12 10 49 40 48 105 13 36 130 249 14
18 28 73 61 83 152 38 79 189 37 17
28 29 90 86 103 208 98 105 249 62 21
28 13 80 82 68 185 128 87 251 204 20
212 242 246 245 250 248 250 249 212 32 42
89 117 160 153 185 240 242 169 125 176 27
195 178 240 48 55 161 17 222 123 135 21
42 41 76 83 118 139 177 208 148 147 19
33 28 67 97 123 149 180 194 142 87 20
45 183 144 150 238 152 158 203 82 48 26
4 173 21 69 50 113 56 41 140 168 15
25 208 38 72 59 142 82 71 184 227 18
83 211 174 140 234 147 160 234 108 81 28
53 60 181 38 104 180 200 206 87 0 20
202 177 96 217 218 173 231 222 179 207 31
17 13 51 31 41 89 42 62 123 91 14
40 32 47 178 168 148 224 229 195 56 25
72 27 99 149 128 185 209 218 241 44 25
48 124 227 133 203 249 164 224 197 115 30
11 33 226 46 45 250 246 90 167 8 22
44 154 243 47 97 140 110 127 155 174 18
223 243 255 244 254 255 255 255 255 195 45
25 142 119 37 178 150 204 248 79 109 24
134 2 12 152 78 27 240 241 97 230 21
74 81 108 145 164 207 230 241 247 58 29
121 91 184 147 140 225 86 108 195 129 23
5 22 98 32 85 125 51 136 87 89 15
21 28 49 62 94 107 96 137 128 124 15
12 27 130 59 106 202 154 200 214 199 22
128 43 38 122 115 135 194 202 148 155 20
42 62 107 81 135 155 113 181 157 243 19
59 201 55 96 239 111 160 254 75 33 27
243 238 251 71 94 151 72 123 218 119 23
1 5 34 26 44 43 250 242 134 114 20
12 2 20 206 19 52 255 248 137 252 22
26 13 61 90 91 114 197 199 163 238 19
106 67 248 75 74 247 47 94 249 170 23
105 90 97 110 144 141 116 211 183 196 21
231 247 254 192 205 207 248 242 210 33 35
221 216 208 245 245 245 247 247 249 23 42
35 58 190 136 181 248 184 229 235 18 30
17 26 55 97 107 149 240 213 214 125 23
41 70 118 143 226 193 45 226 170 105 27
152 234 253 221 252 251 242 237 197 187 40
24 23 26 26 49 81 139 181 168 193 17
82 118 149 137 187 214 204 222 189 160 27
8 8 38 63 83 92 172 179 101 139 17
30 54 31 227 233 173 252 251 192 106 33
24 45 71 68 101 100 226 239 136 198 21
45 29 39 47 52 73 168 183 135 168 17
88 98 154 225 213 244 206 170 172 80 30
18 27 24 101 147 143 212 236 131 188 22
165 185 59 141 218 176 35 85 44 152 23
217 15 227 33 6 119 2 65 132 29 16
32 83 56 65 114 131 39 85 172 186 17
28 72 238 89 101 226 36 82 246 124 22
35 52 243 107 104 254 60 84 250 163 24
22 246 254 92 138 233 209 114 253 253 28
237 248 242 49 238 253 83 79 154 164 31
12 7 22 39 34 57 55 54 80 246 13
254 255 254 255 253 251 255 252 249 31 46
246 251 249 73 233 254 31 251 221 63 37
6 254 254 25 85 254 24 62 174 21 24
56 140 137 113 152 143 237 182 119 136 21
59 3 113 13 64 128 48 220 177 159 19
40 42 45 120 135 131 170 176 162 9 19
78 45 59 147 171 211 222 230 190 237 27
22 10 65 74 91 130 207 210 155 30 19
148 254 178 177 230 62 238 254 55 132 31
127 224 232 150 227 46 196 50 43 119 24
25 52 66 49 92 109 101 145 130 15 16
81 80 86 56 80 116 80 120 164 253 16
104 140 143 144 182 157 199 214 164 42 24
48 32 162 251 138 65 50 172 135 25 21
220 22 12 90 20 48 160 126 94 136 17
2 16 13 39 61 38 100 103 49 168 14
92 49 80 69 47 95 32 34 102 160 14
126 235 254 230 254 249 250 244 174 136 40
168 191 131 141 238 229 71 203 156 93 30
108 118 137 163 188 182 223 236 138 176 27
30 90 196 232 254 233 137 246 196 126 35
4 235 10 12 250 33 9 254 47 168 27
14 12 33 42 56 53 245 241 136 235 20
244 22 188 201 61 91 253 227 106 14 24
12 20 44 42 58 99 9 41 113 152 14
15 7 54 51 93 159 221 202 118 84 20
245 38 14 128 47 74 47 62 124 218 17
50 28 37 235 102 65 132 241 158 3 22
68 81 66 124 149 146 159 179 145 32 20
15 28 55 23 38 64 49 71 95 132 14
43 59 95 67 101 148 85 130 190 41 18
45 43 89 63 77 136 89 122 194 165 17
219 193 170 213 213 212 227 240 237 41 35
17 26 33 68 72 80 173 122 77 10 15
33 42 68 55 92 102 128 173 127 87 17
148 215 250 25 98 96 136 223 156 247 21
103 46 13 108 199 188 193 254 89 178 26
145 2 2 94 172 4 128 30 14 66 17
203 207 30 182 252 174 254 254 83 100 34
209 206 187 195 228 205 212 246 137 165 33
73 5 29 84 98 70 107 219 124 189 18
1 24 24 221 246 234 251 248 194 224 35
10 1 37 27 29 113 19 40 153 227 14
14 31 64 49 66 81 45 81 114 230 14
253 236 44 254 248 86 252 254 118 212 36
217 223 26 252 253 63 252 254 67 175 35
196 245 21 243 253 65 250 254 70 57 35
221 243 2 162 249 52 251 59 75 62 28
49 148 6 174 215 25 254 251 28 114 26
61 34 43 68 37 55 184 114 89 124 15
100 118 153 139 182 193 197 228 148 53 26
90 121 149 148 189 191 198 223 163 180 26
12 119 42 25 87 85 75 83 150 74 15
18 31 50 61 67 95 217 168 129 73 17
137 23 18 58 75 140 254 246 188 144 23
15 247 212 92 50 250 154 251 114 1 27
26 44 86 48 83 102 117 184 170 142 17
26 62 49 67 124 108 122 210 190 255 20
1 30 6 23 82 60 44 112 97 136 14
5 10 55 97 131 197 43 89 167 221 19
17 23 72 62 69 130 52 67 159 211 15
184 198 161 204 209 197 22 54 148 183 26
88 108 90 75 111 158 25 75 208 27 18
24 28 73 54 71 139 20 58 167 111 16
24 32 77 57 76 143 25 62 170 240 15
49 64 98 155 165 186 215 223 225 17 26
227 243 255 244 254 255 255 255 255 153 45
69 105 127 148 156 151 196 164 118 37 21
2 141 2 50 217 70 78 254 112 208 24
4 1 37 35 49 77 251 244 184 170 21
33 142 140 156 212 141 223 234 83 248 26
84 127 64 147 202 112 89 214 85 85 22
246 4 240 26 36 251 241 101 139 252 24
12 19 25 47 65 85 61 92 125 200 14
98 190 247 198 245 254 243 247 215 39 38
71 52 99 220 195 197 243 233 188 159 29
128 130 135 129 121 65 247 233 94 95 22
17 1 86 23 254 77 254 254 131 96 28
40 3 254 153 72 147 25 143 148 25 18
171 185 165 113 219 184 38 136 139 25 24
139 229 250 150 205 251 235 181 189 132 32
51 74 100 115 132 149 144 151 158 42 19
147 61 96 207 142 161 255 234 224 239 28
56 91 114 198 87 121 251 119 218 83 22
172 73 117 201 105 148 252 166 211 118 24
92 63 142 228 103 136 253 158 197 236 23
11 30 56 41 65 101 19 52 118 142 14
219 245 254 242 253 254 254 254 254 228 44
168 233 254 238 254 254 254 254 245 52 43
28 36 1 38 152 103 219 171 62 132 19
78 77 62 77 135 116 96 232 199 26 21
81 17 162 187 155 174 244 252 141 128 26
20 73 73 1 97 114 204 232 87 171 19
46 140 160 179 209 163 239 239 169 230 29
9 58 33 204 221 159 253 252 195 43 30
11 80 33 130 127 38 254 203 70 4 20
21 15 66 201 207 232 254 244 165 122 31
124 90 31 93 74 37 212 231 92 59 19
15 32 156 22 71 240 144 97 164 24 20
42 148 197 194 222 94 205 252 54 228 28
2 4 6 10 13 18 15 22 30 1 13
240 123 84 177 177 170 150 242 212 214 28
48 64 60 196 73 208 245 253 235 24 28
252 254 255 254 254 255 228 242 227 81 44
185 235 205 118 164 108 193 250 172 223 27
16 26 231 17 190 227 165 239 101 24 26
113 86 30 19 253 87 133 65 181 87 23
254 86 55 196 254 126 41 50 160 243 27
232 238 90 212 232 107 246 250 122 208 33
150 217 247 114 45 253 30 251 126 74 27
132 255 251 56 254 247 35 242 156 93 35
181 94 252 173 81 194 190 104 167 141 22
244 127 223 170 111 175 250 235 204 142 28
116 66 20 236 201 119 250 242 112 13 28
115 10 11 150 75 52 254 219 126 231 20
8 152 59 48 38 83 253 91 114 17 17
6 200 77 34 24 194 250 50 125 48 20
142 220 254 198 249 254 237 252 235 148 40
19 11 20 80 86 69 253 245 137 231 21
27 166 40 10 73 26 173 237 81 231 19
197 223 244 237 247 247 249 249 248 37 42
188 44 30 218 83 64 177 72 78 52 18
8 17 24 247 230 154 254 251 118 252 31
141 166 144 133 175 150 246 243 123 19 26
46 247 255 54 201 223 145 185 161 70 28
1 34 19 204 253 239 238 245 132 214 34
108 92 62 8 61 106 17 114 201 227 17
26 30 104 7 73 219 25 100 235 243 20
24 137 20 9 36 244 43 63 252 117 22
1 35 11 143 195 188 243 210 121 20 25
12 25 28 211 248 249 69 145 154 165 30
239 219 113 236 244 230 206 235 187 107 38
2 17 18 14 69 65 179 243 164 198 19
43 178 109 58 253 144 252 60 163 195 26
37 43 242 131 147 226 200 226 183 222 26
102 163 177 160 163 176 192 106 96 59 21
2 127 29 58 174 99 241 240 92 128 23
220 203 70 229 235 148 220 235 147 136 33
179 177 48 162 148 68 246 247 137 8 25
33 34 122 174 93 66 81 148 111 37 17
156 14 213 180 109 228 145 161 203 1 24
29 157 73 59 61 128 134 56 181 24 17
11 1 25 15 10 43 13 15 58 221 13
239 244 240 29 102 171 250 246 220 73 29
252 238 252 19 68 128 253 241 168 24 26
240 247 247 249 249 242 255 245 233 222 43
2 4 43 5 28 45 8 59 44 160 13
45 112 138 49 112 132 115 176 189 98 19
17 8 81 91 252 65 243 59 132 29 24
10 22 69 38 54 113 39 64 140 122 15
51 58 67 101 105 126 134 141 151 118 17
110 80 126 161 129 184 160 223 231 190 25
91 131 252 81 117 183 251 250 177 145 25
133 141 214 243 241 248 253 252 200 3 39
37 116 165 12 43 56 51 50 42 213 14
161 205 221 231 252 245 245 243 188 30 39
18 173 252 247 254 242 43 231 235 24 37
20 15 27 94 118 119 255 239 97 149 21
1 25 16 42 223 224 10 252 180 28 28
0 16 21 35 227 254 23 254 181 33 30
106 69 123 20 40 62 201 247 162 146 20
107 85 118 213 203 201 232 239 174 225 30
2 18 9 33 188 77 9 30 151 135 17
12 9 41 29 32 71 19 33 86 150 13
17 24 90 69 73 140 37 57 158 135 16
25 35 88 75 89 143 107 115 179 123 17
156 98 124 195 146 171 234 200 217 106 26
134 162 166 192 217 209 224 236 196 200 32
104 143 151 176 210 201 220 233 190 200 30
122 57 101 146 238 253 66 253 219 115 34
235 241 253 231 242 253 70 103 155 183 34
9 35 79 87 142 151 156 231 182 9 22
208 216 64 251 46 185 252 254 203 223 31
43 13 66 93 79 110 254 237 180 143 22
30 1 87 127 124 219 213 195 203 170 24
255 255 255 255 255 255 255 255 255 7 47
82 158 113 18 49 18 20 187 44 204 16
206 234 232 50 105 90 25 242 92 105 22
221 83 52 86 62 111 29 57 132 15 16
251 243 253 141 135 168 112 117 163 130 24
249 244 253 112 114 158 67 88 162 70 23
221 247 248 249 247 220 72 112 160 208 34
114 227 252 136 212 248 34 60 115 238 27
34 13 12 112 119 100 46 139 87 48 16
26 65 28 39 93 83 122 151 107 230 16
49 73 145 19 41 121 3 22 96 41 14
62 56 70 155 46 83 201 15 104 153 17
12 8 27 61 242 103 21 120 146 138 22
10 4 36 23 28 74 16 34 103 202 14
80 226 92 182 24 72 106 111 62 106 18
249 245 216 253 252 248 243 247 250 136 45
150 201 163 197 230 192 228 241 156 67 33
87 54 92 66 54 114 42 44 123 132 15
3 79 133 76 164 222 215 236 212 75 28
229 229 237 241 237 233 242 232 206 153 40
12 13 50 38 43 89 11 29 101 219 14
15 14 59 181 69 106 184 243 188 138 22
107 151 134 180 222 200 239 243 154 159 31
103 13 52 122 60 128 84 54 146 147 16
121 175 190 162 188 166 204 202 142 159 26
139 129 177 240 223 214 249 237 162 224 34
32 33 138 31 69 239 245 241 156 211 25
22 251 46 244 94 120 146 101 191 151 23
159 104 37 24 101 58 22 216 135 219 19
106 52 29 255 219 116 255 255 137 250 31
68 86 105 104 172 197 228 229 101 175 25
56 67 0 42 5 33 235 37 64 197 16
54 84 168 62 65 75 212 187 102 44 18
11 18 47 184 219 199 162 194 64 178 26
96 155 10 3 62 67 81 65 115 5 15
209 181 9 170 224 95 51 191 113 9 26
210 172 13 165 209 94 44 175 114 143 24
66 94 72 117 139 106 115 129 87 246 18
27 55 105 104 131 134 181 209 138 162 21
247 227 64 221 249 150 146 245 192 252 35
220 193 23 176 238 122 49 199 127 139 28
9 17 46 61 95 109 82 145 130 31 17
9 24 39 63 102 112 99 155 146 181 17
221 214 31 230 217 128 33 50 129 172 26
230 221 25 230 219 121 28 48 123 224 26
117 61 67 93 112 181 119 137 164 153 19
99 65 15 101 108 75 106 156 129 229 17
102 58 14 85 116 130 116 150 128 180 18
96 22 104 111 106 130 121 172 104 42 18
115 89 52 116 133 126 138 165 123 54 19
115 88 64 107 145 153 140 183 127 96 20
113 75 55 91 143 180 153 193 130 187 21
106 54 134 123 85 127 144 129 121 116 17
127 81 48 99 144 188 159 170 130 5 21
34 11 50 83 85 175 138 120 175 21 20
25 21 87 70 142 214 152 231 207 59 25
28 16 76 67 120 174 142 225 197 118 22
15 117 100 73 210 218 129 242 216 18 29
20 89 178 54 157 233 138 236 243 252 28
10 28 78 35 115 163 43 175 204 142 20
11 32 56 46 90 164 50 108 239 54 19
19 9 80 52 73 187 45 99 243 236 20
15 27 245 49 65 236 47 101 252 181 23
10 40 237 51 60 199 45 99 251 233 21
14 7 79 52 94 231 44 102 251 179 22
12 9 96 67 93 214 44 98 244 131 21
9 48 156 37 69 166 51 83 178 6 17
3 13 131 48 71 197 51 81 215 159 19
18 6 75 47 57 157 54 86 212 239 18
5 6 93 45 83 220 44 77 202 222 20
31 12 90 42 76 214 44 79 206 152 20
10 2 73 48 59 157 50 76 195 107 17
7 7 92 44 73 198 31 67 197 56 19
16 16 183 44 42 177 48 72 202 150 18
2 23 138 43 84 222 39 75 205 238 20
7 8 112 46 79 226 44 70 198 232 20
11 4 83 50 58 160 45 73 197 165 17
5 20 146 43 81 228 34 67 203 75 20
5 31 163 45 57 156 47 81 208 94 18
5 14 179 56 70 231 44 60 204 21 20
4 11 141 44 72 226 43 67 207 249 20
7 17 145 43 64 193 37 72 204 71 19
9 15 233 47 60 248 35 63 207 96 22
13 10 95 47 62 172 40 71 198 195 18
9 16 251 47 52 247 47 63 210 127 22
7 10 78 44 66 154 37 79 188 73 17
4 16 124 48 70 185 47 77 199 109 18
4 14 168 54 72 222 35 58 199 45 20
2 9 77 43 82 187 26 77 193 238 18
7 27 203 39 52 209 56 68 206 106 19
2 11 159 56 74 225 38 63 205 249 20
4 12 114 47 75 198 28 66 198 151 19
7 7 68 46 66 156 46 84 191 106 17
10 20 203 46 61 232 49 68 228 251 21
15 28 226 49 65 247 47 72 233 59 23
14 2 72 58 61 166 64 83 209 125 18
17 1 80 57 63 173 53 80 216 105 18
3 13 192 60 77 250 39 60 224 98 22
7 15 117 48 78 203 34 75 211 50 19
12 14 227 63 74 253 40 67 212 178 22
13 26 147 54 85 219 60 102 247 214 22
12 24 136 47 84 216 52 107 250 64 21
9 5 78 63 86 198 56 103 244 101 20
6 31 161 48 85 224 55 100 246 15 22
14 10 89 51 71 184 57 99 234 142 19
10 31 151 45 72 192 58 96 229 75 20
8 32 175 36 68 210 56 95 235 48 21
10 20 133 46 77 201 57 106 243 177 21
14 12 100 52 71 182 59 105 238 21 19
13 9 76 54 79 181 51 105 234 154 19
4 16 124 45 67 182 45 76 200 106 18
8 15 173 50 67 227 45 64 210 31 21
10 12 74 45 70 160 38 83 194 2 17
8 11 200 53 67 242 35 58 208 158 21
5 11 82 39 60 145 54 90 190 229 17
5 12 194 52 70 240 37 63 208 208 21
13 10 65 41 60 142 46 85 191 118 17
7 14 142 46 74 227 38 63 203 85 20
7 10 76 43 69 161 36 82 195 92 17
1 23 150 39 70 196 49 81 203 146 19
2 18 139 43 77 221 39 68 202 63 20
10 5 84 44 61 170 42 77 205 137 18
3 20 159 37 57 187 53 75 199 85 18
2 16 137 44 74 197 43 73 196 243 19
8 22 137 34 58 174 50 80 200 201 18
2 11 119 53 75 202 42 67 196 26 19
7 17 185 45 63 227 48 63 207 102 20
9 5 90 54 72 183 47 79 210 193 19
13 12 114 41 78 230 50 82 220 186 21
15 2 69 52 56 164 48 76 211 202 18
7 20 180 54 77 236 37 62 217 248 21
5 22 147 45 83 232 42 76 214 246 21
6 7 99 55 78 196 36 76 212 46 19
7 6 95 56 80 197 35 75 212 66 19
9 9 96 51 72 184 46 87 221 239 19
19 7 79 51 65 170 49 86 217 248 18
7 15 178 56 76 240 40 65 217 138 21
5 25 159 42 71 205 47 77 211 33 19
2 19 150 49 73 204 39 64 195 119 19
11 7 61 43 62 143 50 90 195 195 17
3 13 198 56 71 240 41 64 205 202 21
16 6 58 47 61 140 58 94 199 29 17
9 8 107 44 39 176 60 58 199 253 18
23 4 97 222 76 145 253 135 202 252 23
12 5 63 164 80 160 253 96 208 158 21
194 3 79 230 68 187 248 103 238 84 26
157 13 90 234 99 205 243 118 235 158 27
166 7 83 224 87 204 248 116 236 59 26
162 8 86 220 82 186 245 119 235 239 25
139 13 98 207 66 175 251 122 235 181 24
83 15 65 161 82 167 212 108 227 221 22
92 15 67 160 75 161 219 107 228 115 22
95 15 66 172 81 165 224 106 224 99 22
112 55 61 182 155 158 224 216 171 110 25
10 8 69 46 134 142 51 227 175 134 21
22 2 66 140 111 162 239 218 214 112 24
9 188 50 85 248 135 141 253 199 233 30
65 3 64 103 67 168 246 166 220 181 22
47 61 43 115 156 141 157 231 215 17 24
48 74 56 101 147 126 172 219 197 61 22
46 66 53 116 70 133 187 59 199 137 18
69 10 60 118 38 125 175 64 196 14 18
63 5 64 118 43 148 167 63 214 43 19
65 7 67 119 45 150 163 62 216 58 19
59 12 62 114 54 146 165 76 213 86 19
61 11 61 120 55 146 169 77 214 244 19
68 13 61 111 46 147 156 62 211 22 18
62 7 67 117 44 151 165 62 216 128 19
62 10 62 118 51 146 165 69 212 22 19
60 5 68 116 44 152 164 63 217 135 18
67 11 59 119 48 142 166 66 207 51 18
59 9 63 114 49 147 163 69 213 20 19
61 14 64 115 55 148 165 76 215 253 19
74 15 58 119 42 130 166 60 194 133 18
65 11 52 113 43 128 167 65 193 248 18
73 13 59 117 38 124 175 66 196 124 18
68 14 54 119 48 131 167 63 191 26 18
63 6 51 119 43 129 172 64 195 94 18
66 9 58 120 45 133 174 66 197 73 18
65 10 59 114 38 124 174 65 196 206 18
72 15 63 115 40 129 174 68 200 73 18
46 75 56 107 158 140 168 221 203 57 23
23 26 71 81 113 163 141 181 216 218 21
5 58 132 41 150 201 2 42 117 200 19
5 39 47 86 58 139 170 52 209 149 18
4 17 50 69 61 131 119 76 196 206 17
23 37 182 51 48 165 15 41 197 241 17
13 212 48 156 254 205 252 254 193 154 36
17 14 92 71 36 118 202 93 124 142 16
31 29 63 87 98 131 162 189 202 89 20
12 10 39 28 85 139 151 214 217 187 20
11 14 19 63 113 116 145 197 197 72 19
12 26 26 64 120 124 141 196 201 193 20
13 39 27 67 125 117 131 203 195 48 20
11 28 21 59 119 114 141 199 191 76 19
11 27 20 58 118 113 139 201 195 30 20
10 34 33 61 124 123 140 200 196 214 20
11 29 35 65 117 125 140 195 198 21 19
11 31 24 61 119 113 139 198 190 216 20
11 32 21 60 127 119 136 205 195 33 20
11 25 17 64 120 115 144 200 190 139 19
11 29 16 60 118 111 133 201 193 188 19
12 25 20 56 115 113 135 196 193 157 20
8 13 87 85 110 145 157 186 156 23 20
20 4 58 162 60 106 252 126 150 187 19
56 2 53 56 62 227 222 123 171 156 22
44 1 46 87 39 80 45 250 168 80 20
23 72 39 68 55 87 142 40 145 236 16
55 57 48 98 54 107 168 59 177 122 17
67 9 49 119 45 117 166 65 175 151 17
64 7 48 118 43 117 166 66 175 147 17
68 12 49 119 42 115 176 68 185 80 18
69 4 63 118 45 131 161 77 185 139 18
66 18 48 112 52 116 161 75 175 179 17
63 12 49 109 44 115 170 78 183 85 17
67 15 52 115 50 120 166 75 181 218 17
65 14 48 113 50 122 166 78 186 67 17
65 4 62 120 43 122 177 83 183 8 18
66 6 57 118 47 122 165 77 173 247 17
64 16 55 108 47 119 164 78 187 239 17
65 13 50 116 50 120 165 74 180 129 17
63 12 49 114 50 121 163 73 181 249 17
65 13 57 115 49 127 164 72 184 159 17
64 15 45 115 52 111 163 74 168 59 17
66 12 53 119 47 130 167 65 191 249 18
66 11 47 119 50 135 162 71 205 239 18
70 3 61 100 78 131 183 223 232 224 22
61 10 54 110 43 130 165 66 196 68 18
60 3 61 118 55 135 63 46 191 210 17
66 6 58 118 38 135 158 49 195 246 18
66 5 57 112 33 131 157 49 196 160 18
69 2 55 123 58 134 58 45 190 32 17
61 10 55 106 45 136 134 58 201 147 18
63 14 56 115 48 135 159 64 197 208 18
65 11 53 115 46 132 160 63 195 125 18
64 8 55 111 41 129 162 65 191 33 18
66 12 53 108 36 118 166 62 189 150 17
63 12 50 109 42 123 160 60 185 1 17
28 14 59 174 135 155 254 221 229 77 26
29 71 45 176 192 135 253 253 197 113 29
4 25 58 42 69 144 20 53 193 136 17
4 21 53 42 71 139 18 62 189 2 17
6 18 68 42 74 150 16 69 193 153 17
91 181 160 245 246 215 21 76 220 54 32
24 23 33 93 97 109 161 174 187 5 19
7 13 52 24 92 138 37 181 204 241 19
28 38 44 81 122 142 144 193 216 70 21
37 19 36 41 82 137 51 151 219 47 19
40 19 33 42 82 135 51 150 216 184 19
43 26 35 42 77 129 85 154 215 163 19
36 22 36 45 73 99 73 138 158 96 16
34 23 27 37 81 115 56 150 189 222 18
24 13 36 40 67 113 67 140 183 243 17
36 17 31 39 70 118 58 140 190 112 17
10 14 38 37 75 116 74 146 181 22 17
31 16 36 40 68 111 60 138 185 29 17
37 20 27 36 72 118 64 149 188 183 17
25 14 30 37 68 103 73 152 188 66 17
7 18 37 37 82 113 73 143 179 35 17
8 21 35 30 89 113 74 149 181 230 17
7 12 33 34 82 114 71 140 181 8 17
6 9 41 32 84 119 67 148 181 181 18
7 20 32 30 90 111 64 148 175 205 17
7 12 62 37 64 122 146 156 196 252 18
9 9 60 38 68 142 135 138 206 52 18
10 7 65 43 59 144 140 127 207 0 18
9 20 59 39 66 138 140 127 205 27 18
8 12 57 40 59 135 144 122 204 81 18
7 11 71 41 62 143 139 129 201 9 18
10 7 66 37 62 156 143 128 207 181 19
7 18 62 32 67 152 146 136 190 102 18
6 15 59 37 72 157 139 131 184 92 19
6 17 63 37 70 153 157 143 191 120 19
8 14 68 35 65 158 152 141 193 124 19
22 1 54 190 94 130 254 146 166 5 22
50 1 45 85 89 91 61 241 191 28 21
83 15 82 142 55 167 181 66 227 28 20
87 12 48 143 54 147 181 69 217 22 20
86 16 40 138 57 141 181 77 215 201 19
84 10 43 138 50 145 180 69 218 124 19
87 17 76 138 52 158 184 68 221 93 20
73 14 85 136 73 167 187 114 229 151 21
81 19 72 134 54 153 178 69 215 24 20
81 19 76 138 58 156 181 72 218 194 20
80 21 70 135 61 152 185 80 215 156 20
79 19 76 134 56 157 179 71 221 165 20
83 22 70 139 64 155 182 78 217 72 20
83 12 77 143 50 160 184 61 218 203 20
85 14 75 137 47 156 182 61 219 192 20
101 9 73 147 74 163 55 48 211 172 19
81 13 78 138 48 157 173 56 219 144 20
84 12 75 145 48 154 189 62 215 139 20
8 48 73 99 171 191 110 220 214 127 25
41 5 46 31 122 145 16 233 213 73 22
30 8 47 35 127 137 24 240 204 177 22
25 11 75 122 108 176 22 252 213 107 24
20 10 70 133 111 188 246 184 211 57 24
6 11 58 60 83 149 80 114 188 20 18
29 58 45 105 136 119 161 193 171 113 20
4 15 53 33 118 200 34 157 232 234 22
24 92 66 105 197 176 156 241 230 70 28
28 31 68 86 119 161 169 215 244 18 24
21 35 68 91 133 169 157 213 241 130 24
29 34 70 84 119 165 169 214 248 9 24
24 38 70 85 125 164 164 217 241 254 24
23 41 63 84 131 156 163 220 236 225 24
20 28 65 92 127 169 163 208 242 153 24
14 48 50 81 135 118 170 219 173 133 21
7 61 39 115 199 154 168 240 192 248 27
22 31 68 80 138 182 127 215 205 56 23
4 9 98 178 124 151 54 160 211 49 22
5 14 50 50 83 93 181 239 198 196 21
10 7 51 35 51 120 39 78 171 53 16
67 29 139 65 59 171 58 98 224 49 19
67 30 71 66 76 155 47 104 220 181 19
21 35 107 53 83 165 50 106 213 221 19
16 16 110 57 72 177 69 100 223 206 19
73 45 124 59 64 165 54 96 222 182 19
19 29 100 52 83 168 56 111 217 113 19
71 36 107 65 68 168 63 105 233 77 19
79 36 112 68 63 168 67 102 235 7 20
18 21 121 62 73 178 69 94 217 209 19
53 20 93 73 70 174 65 93 228 81 20
222 199 25 231 203 116 12 28 123 168 25
217 226 25 238 220 117 28 34 125 83 27
228 240 36 231 249 101 201 225 130 52 34
209 211 44 202 237 107 154 228 131 56 31
153 219 40 181 235 89 227 247 136 163 32
162 209 44 190 230 90 229 246 126 98 31
