36 91 53 58 148 97 106 228 149 75 20
16 33 22 9 107 116 43 223 242 242 50
43 27 102 2 75 131 50 235 253 251 53
79 14 49 20 77 85 20 236 244 219 45
186 158 131 153 143 140 236 240 249 57 31
136 27 1 51 89 137 207 231 245 77 26
195 5 16 29 70 242 221 235 236 51 25
30 48 76 53 111 123 152 244 209 203 46
36 11 2 19 72 66 36 227 218 222 46
47 53 17 109 156 132 134 225 215 66 26
23 16 95 30 105 135 74 242 225 250 53
239 168 96 240 238 234 221 235 242 160 70
65 2 33 101 39 220 146 225 249 242 53
11 4 13 94 46 228 140 243 234 109 31
12 63 106 1 76 104 103 238 246 226 48
30 28 38 42 73 47 164 229 137 71 20
56 72 22 48 80 54 159 229 219 240 49
73 81 24 49 136 176 189 235 197 134 37
10 6 7 5 72 54 27 237 228 144 33
27 16 4 30 79 72 102 235 244 225 47
5 11 18 20 83 127 144 241 250 74 22
20 3 56 59 96 174 160 220 213 227 49
35 56 23 82 149 85 143 232 131 117 32
61 81 81 93 148 109 180 244 143 50 21
55 73 66 87 152 119 134 236 157 84 28
55 85 49 90 164 124 141 240 190 120 35
50 28 144 190 158 215 197 154 127 12 19
4 14 69 16 74 131 162 235 220 168 38
70 104 71 142 203 208 181 245 251 156 50
41 31 55 55 125 133 124 236 138 193 44
25 19 4 67 144 227 207 235 251 120 36
28 48 90 63 123 151 140 228 219 237 51
47 69 110 121 99 195 9 252 139 43 19
37 30 62 66 143 130 30 237 172 157 38
20 28 64 61 121 137 133 243 227 223 49
1 79 2 9 180 160 5 242 247 227 54
9 79 15 113 151 54 156 250 243 253 56
4 39 14 51 140 153 237 253 199 42 21
121 136 125 204 175 246 192 180 145 2 22
17 94 98 4 159 188 16 236 190 84 28
5 5 100 11 29 202 9 252 145 85 24
16 4 12 21 61 65 117 238 235 138 33
27 10 11 128 103 74 217 240 251 38 19
20 46 22 32 143 149 58 247 254 212 49
28 14 212 26 174 239 10 246 235 144 44
54 64 77 95 145 151 137 228 213 177 44
12 67 115 10 129 181 25 220 253 124 33
23 45 119 55 94 125 183 230 213 76 24
21 54 1 93 121 56 151 243 241 148 37
7 80 16 154 37 31 1 253 181 93 27
23 1 33 7 64 41 91 252 168 27 12
13 7 23 0 74 136 23 217 252 230 48
36 30 28 27 75 65 79 219 208 251 50
4 7 11 7 48 50 147 240 242 213 45
6 24 13 14 68 65 143 235 242 88 24
5 23 22 37 75 75 202 250 242 83 24
6 26 21 33 76 73 190 248 240 91 26
13 36 37 44 113 150 210 251 252 186 45
28 40 6 64 86 47 233 252 210 6 11
45 51 32 83 146 161 237 253 253 122 37
12 31 14 54 83 64 228 251 230 10 12
16 5 141 3 48 142 119 243 184 172 39
13 2 14 6 47 25 123 249 159 74 21
36 47 52 52 99 89 140 230 165 132 33
18 6 14 45 60 54 168 233 202 128 30
10 2 18 29 48 47 178 238 200 46 16
20 84 94 41 157 223 192 250 253 150 44
11 13 5 6 51 51 144 241 252 242 50
15 4 14 8 75 165 176 229 181 15 12
0 0 13 0 106 191 20 222 254 184 43
72 1 9 88 72 45 69 234 251 244 51
6 7 132 3 55 69 22 243 248 244 50
17 27 28 29 123 119 56 248 249 50 19
11 8 32 33 52 227 26 252 186 85 26
4 21 8 8 94 94 49 230 249 32 14
11 19 49 70 117 143 199 239 252 23 16
7 40 41 42 102 117 189 252 251 204 47
6 34 30 38 117 154 174 246 251 216 49
73 105 25 38 180 115 147 250 251 158 44
10 45 46 11 159 200 54 246 212 231 54
7 7 15 24 58 78 170 240 228 28 13
16 17 64 28 115 155 60 241 253 160 39
170 22 63 59 211 138 90 254 242 239 62
78 26 37 67 119 101 40 232 158 11 11
38 86 65 208 174 82 74 239 254 52 29
21 138 140 38 111 94 243 253 249 44 21
16 9 107 29 96 97 33 254 232 37 16
20 35 9 29 102 92 75 225 244 143 35
14 6 12 6 58 32 22 200 114 6 6
6 43 57 157 226 243 170 238 248 228 66
5 6 15 13 59 75 120 233 247 168 38
12 20 135 39 67 144 203 243 251 129 34
6 17 21 43 90 92 194 247 243 55 20
189 111 15 167 197 176 140 242 248 150 51
3 73 7 16 170 70 7 254 220 107 33
14 25 46 19 116 125 40 244 248 142 36
9 16 32 6 98 109 38 237 238 145 34
11 26 47 41 161 237 39 228 254 204 51
15 26 31 66 80 87 245 252 253 98 29
18 57 149 159 221 243 135 237 247 117 47
26 9 100 26 89 126 78 242 246 167 39
146 107 24 92 198 244 191 230 246 25 26
52 7 71 66 111 113 95 239 132 114 30
19 16 13 13 78 96 92 240 254 220 47
42 82 3 31 131 81 70 234 217 154 38
40 85 11 61 170 143 79 233 230 242 55
42 106 4 120 207 105 100 249 236 78 34
72 145 26 180 254 157 96 240 206 194 64
135 141 101 182 174 99 129 220 222 52 28
77 147 16 213 252 119 99 249 223 81 46
19 4 10 5 96 123 18 235 247 103 27
19 20 11 28 103 109 77 232 248 147 36
125 167 16 213 251 173 154 233 202 100 51
22 28 28 25 111 120 68 229 239 69 22
14 24 11 17 99 106 51 214 233 164 37
65 118 24 216 255 150 99 230 214 147 57
49 55 218 90 147 202 123 251 238 110 36
107 64 232 83 150 178 61 244 226 40 23
11 28 9 27 195 214 3 239 244 120 39
32 4 33 145 168 237 67 221 253 116 38
17 37 85 5 91 96 18 239 182 129 31
58 21 26 32 82 70 78 243 195 42 15
8 11 58 51 94 116 144 231 214 11 11
86 45 35 54 91 110 130 240 251 74 23
72 159 47 188 249 221 178 246 251 198 68
3 5 15 3 72 102 58 218 253 207 43
9 23 24 19 100 120 84 240 253 233 49
24 121 58 19 143 112 99 251 246 97 30
14 105 51 18 138 108 101 255 244 59 23
101 10 63 10 116 218 45 246 249 54 22
9 6 21 6 79 103 74 235 239 112 28
8 44 35 29 94 90 148 237 232 32 15
66 128 63 50 129 86 170 241 187 4 12
70 212 100 123 206 153 217 192 140 4 22
9 7 20 7 73 90 55 221 220 121 29
12 14 29 5 64 88 86 237 251 152 36
36 30 29 45 108 125 91 236 253 212 47
22 19 18 10 74 92 81 229 254 187 41
9 18 39 14 81 103 100 241 245 58 19
25 46 55 64 148 182 93 232 250 227 52
10 16 34 10 80 102 91 237 250 111 28
91 37 46 53 116 143 86 245 249 201 46
9 16 19 10 73 79 117 248 247 53 18
10 25 51 21 117 160 80 232 240 78 25
25 22 32 40 108 130 102 242 251 160 39
19 40 62 60 79 96 124 141 153 0 5
5 42 42 18 135 180 67 236 253 224 51
3 14 17 4 111 143 46 234 250 201 45
22 21 16 10 65 80 76 232 253 197 42
4 36 58 48 133 164 105 237 251 193 45
20 7 97 61 83 74 44 244 237 188 41
8 8 25 4 59 83 84 233 249 177 39
74 87 75 16 96 104 76 238 253 252 52
12 21 12 5 79 85 82 237 254 223 46
50 9 18 138 161 174 117 221 216 31 20
8 18 65 19 144 249 124 247 251 236 56
13 7 64 10 68 110 65 242 239 179 40
59 59 49 204 148 60 78 239 246 46 25
17 23 17 24 98 109 90 241 254 234 50
15 32 22 17 100 111 90 237 252 228 48
5 17 32 5 71 88 95 243 252 142 33
19 22 26 32 107 121 95 241 251 189 43
7 16 43 25 91 120 108 236 249 74 22
6 27 64 163 142 118 148 234 246 132 38
71 22 42 29 80 103 92 244 241 53 18
5 10 50 196 140 116 105 233 252 253 59
16 40 56 65 180 213 90 239 189 20 19
8 6 20 175 54 34 36 235 247 253 54
2 24 40 51 104 162 232 247 251 245 54
47 80 41 35 142 124 36 232 225 199 46
2 33 91 137 174 223 216 241 252 218 57
7 6 14 4 89 130 27 212 252 81 22
33 63 97 60 138 162 197 242 145 26 17
15 3 21 3 63 45 17 229 133 97 24
9 18 20 28 158 174 13 240 205 138 37
18 55 26 55 129 121 147 246 248 144 37
33 33 9 59 181 173 28 241 227 148 41
36 49 11 54 198 216 30 228 221 223 56
14 1 9 1 52 52 32 236 219 82 22
16 29 49 30 122 191 119 221 236 166 41
13 53 78 54 228 250 227 247 245 115 46
19 48 24 1 148 220 25 227 252 16 16
171 46 33 199 199 213 226 242 242 19 30
17 8 11 9 67 61 55 239 224 216 45
11 14 15 42 91 139 221 236 242 68 23
39 34 13 32 127 136 24 204 214 248 51
5 45 20 78 203 208 66 238 247 106 38
21 47 109 53 127 191 127 230 243 207 48
254 250 32 245 252 179 235 243 246 142 71
7 51 34 99 184 142 248 254 253 69 31
13 12 25 17 110 230 173 229 250 73 26
30 20 38 6 61 74 72 245 237 221 46
9 3 45 209 91 54 130 223 221 8 14
12 46 31 17 116 118 105 234 236 60 21
78 132 68 41 153 144 95 245 249 197 49
50 34 3 29 146 112 18 245 224 215 49
20 26 234 25 118 160 39 254 230 226 52
19 12 32 224 172 111 57 224 248 62 31
33 30 39 22 138 204 44 205 215 171 41
9 1 2 1 65 64 36 234 234 119 29
17 4 3 5 63 31 38 246 163 14 9
21 34 62 70 196 105 93 254 229 30 21
11 28 15 14 109 116 50 231 246 187 42
61 34 238 145 128 144 72 240 236 19 18
48 45 32 74 137 142 111 245 247 176 43
24 25 20 15 84 97 85 234 249 241 50
25 18 19 7 68 86 88 233 254 161 36
6 11 35 3 77 106 88 236 248 230 48
58 14 39 16 80 114 55 248 225 177 40
45 27 16 20 69 80 70 213 225 242 48
20 66 5 7 99 66 57 251 242 59 20
17 75 63 49 113 102 197 247 231 22 15
8 64 42 37 118 117 155 248 248 226 50
3 52 23 10 85 80 122 237 248 226 47
13 67 45 18 85 83 149 242 245 93 26
16 48 35 32 84 89 169 244 250 91 26
4 27 23 21 80 73 162 249 243 81 24
5 44 33 32 101 111 148 239 249 239 51
40 13 25 129 125 130 181 231 249 194 46
6 40 19 5 75 62 120 238 235 168 37
14 22 173 50 82 127 205 254 214 22 15
4 36 44 19 81 91 154 249 246 216 47
6 37 34 39 105 132 181 248 251 162 39
4 220 44 8 85 187 183 217 250 70 26
4 46 33 35 98 96 178 254 249 162 39
6 175 28 18 116 58 179 229 243 67 24
15 78 47 70 135 115 209 254 248 98 31
5 35 33 51 102 106 193 250 251 133 34
25 22 21 5 55 63 100 242 246 189 41
7 17 23 18 72 74 164 242 244 108 28
34 17 58 8 88 214 171 243 252 127 35
4 53 24 45 122 87 186 245 232 63 22
8 52 27 25 103 91 139 248 251 131 33
9 25 14 50 108 93 175 238 227 50 19
4 144 39 36 151 61 206 253 206 10 15
14 162 49 69 214 151 194 250 248 160 51
15 35 118 47 77 123 210 250 253 110 30
9 5 189 3 38 122 106 244 219 111 28
6 4 210 4 60 210 118 236 230 99 29
4 5 232 7 61 222 151 238 222 54 22
32 64 13 30 101 75 136 233 227 225 48
33 73 19 31 101 75 148 236 227 196 44
33 41 3 37 90 68 161 234 228 189 42
16 25 4 45 77 67 175 235 240 131 32
32 62 13 28 96 73 132 228 225 247 51
2 7 94 7 70 161 100 215 248 233 48
5 2 63 4 86 222 140 212 211 51 19
6 61 31 10 95 83 145 241 240 91 26
7 15 7 2 75 73 40 219 236 54 17
20 38 28 47 164 172 29 242 246 163 43
9 31 211 45 112 103 23 248 240 33 17
108 120 173 120 151 187 168 195 132 26 19
49 75 136 123 38 164 96 239 198 140 36
106 133 130 197 213 203 233 239 191 23 31
65 102 34 92 163 117 185 251 196 108 34
27 42 9 58 116 69 94 244 251 166 39
12 9 14 7 68 87 76 228 254 208 44
11 101 246 71 224 253 66 246 195 14 28
45 52 61 79 138 135 174 231 139 16 14
52 11 122 67 109 134 123 235 132 159 37
22 76 4 6 105 150 23 241 196 131 33
56 9 21 86 67 54 219 241 196 216 47
52 124 33 69 168 102 136 250 201 219 52
17 3 43 5 90 179 49 234 184 75 23
49 75 24 88 131 63 191 250 189 186 44
38 36 36 5 96 65 52 234 108 134 31
87 10 9 135 148 211 141 217 236 242 57
36 41 59 58 144 142 108 242 135 212 48
46 105 120 55 147 148 123 241 211 226 52
54 72 92 87 150 146 117 209 127 100 29
90 138 164 116 158 215 184 91 52 1 14
64 20 20 94 114 48 173 240 126 224 48
55 118 154 128 204 221 210 252 230 219 62
34 15 10 8 71 30 38 239 145 15 9
11 34 19 123 168 133 141 243 251 127 38
16 28 32 100 151 184 176 236 249 247 56
90 147 101 105 147 64 220 253 175 34 21
23 147 20 3 148 69 30 247 226 226 51
45 100 111 59 147 143 120 231 201 198 47
67 117 12 116 184 79 185 246 147 88 32
37 51 74 33 115 139 121 230 172 97 27
47 50 102 71 126 164 157 228 180 162 40
122 159 17 163 199 52 213 248 172 36 28
46 15 9 13 87 75 23 243 247 236 49
24 5 55 53 101 60 121 253 127 18 11
13 46 214 33 164 240 45 253 249 78 32
43 29 23 52 94 39 115 236 123 208 44
20 78 49 44 166 165 26 234 172 83 28
19 140 62 33 161 132 28 242 200 157 42
4 15 46 56 138 182 64 224 251 241 53
11 47 9 12 136 46 19 245 96 41 16
81 18 20 114 148 125 156 252 124 50 22
78 114 156 71 121 131 200 243 189 106 32
34 45 55 31 75 72 126 232 194 119 29
55 203 248 93 189 174 202 241 164 16 25
20 221 151 39 234 153 48 254 236 76 40
33 41 92 63 132 164 128 236 201 254 55
42 87 43 63 148 132 121 239 237 214 50
43 76 147 76 140 200 208 241 205 122 36
95 164 129 148 169 40 209 234 114 39 24
14 4 22 2 73 38 23 230 108 224 45
8 27 20 144 85 38 25 233 254 113 30
41 139 56 2 148 129 58 242 247 174 43
7 17 5 19 119 46 39 251 122 11 10
145 212 241 224 244 245 250 250 243 117 62
14 8 8 8 65 60 41 239 219 149 34
16 33 16 64 120 141 211 249 254 122 34
98 147 187 183 209 237 197 156 122 18 28
20 6 15 5 64 30 24 230 113 146 32
20 23 20 15 111 116 45 245 251 156 38
12 22 1 32 187 201 233 245 187 22 21
11 12 13 12 45 28 138 235 178 112 26
63 80 106 89 147 159 197 247 154 70 26
26 81 173 36 176 195 101 248 139 88 31
8 28 142 47 78 160 208 239 241 33 16
118 67 52 4 74 76 24 237 246 45 16
25 36 17 96 150 150 141 239 247 198 48
20 73 34 45 181 187 53 242 251 240 57
15 95 46 9 93 77 158 244 226 205 44
60 46 151 69 129 156 132 246 187 128 35
108 95 158 129 162 207 203 232 171 62 28
55 39 8 83 109 70 177 242 178 213 46
71 145 18 151 200 212 230 112 97 4 19
74 111 139 119 186 189 204 240 144 59 29
9 2 56 8 79 78 52 236 128 90 23
21 45 115 3 117 140 47 242 153 96 27
93 144 19 52 161 88 78 247 227 96 31
179 7 7 179 79 71 196 226 251 113 35
28 56 128 34 81 91 145 217 157 34 13
32 33 16 28 110 15 46 244 82 107 27
93 116 161 146 201 219 196 227 141 45 30
21 4 5 2 78 28 20 231 113 143 31
36 1 6 127 144 108 34 235 246 236 53
102 160 144 147 216 219 238 252 191 22 30
49 43 95 30 101 103 127 239 123 241 50
22 20 19 14 92 88 35 245 247 218 46
10 6 173 22 108 232 43 235 248 150 38
89 141 16 124 173 72 186 232 239 198 50
20 186 14 4 159 70 93 249 248 241 55
185 22 16 37 118 233 133 233 162 6 14
23 15 14 17 91 80 53 242 237 91 25
130 178 161 194 227 248 237 146 113 0 29
15 3 46 3 66 50 21 232 123 174 36
52 16 121 103 150 178 145 249 184 177 44
40 174 153 77 157 62 170 243 125 50 23
26 33 28 27 123 126 56 250 251 110 30
51 182 181 183 219 118 185 254 247 175 57
55 34 7 5 95 84 26 245 254 242 50
66 92 119 103 162 174 171 235 212 222 53
13 3 23 107 30 23 26 117 88 14 6
10 1 8 3 48 44 59 234 213 144 32
52 19 22 25 118 217 165 248 212 195 46
15 94 169 27 153 217 129 244 181 88 30
3 28 23 24 93 94 162 253 244 196 43
6 5 7 4 64 50 27 235 243 225 45
18 40 25 59 117 108 190 246 252 62 22
25 71 33 54 122 106 176 248 248 92 27
39 67 19 68 170 142 78 246 252 215 51
18 45 29 20 155 208 12 214 246 186 45
9 9 71 6 94 121 32 242 223 225 47
41 46 197 42 91 112 46 223 204 142 33
52 54 11 25 124 153 113 241 245 95 27
28 45 45 46 117 139 107 234 253 184 42
29 41 39 51 111 128 114 230 249 154 36
2 28 32 16 94 116 108 243 252 150 35
44 67 47 20 98 103 106 247 249 63 20
90 136 18 75 177 104 102 252 236 163 44
7 42 200 22 135 202 46 244 242 97 31
10 6 19 9 62 63 60 231 206 12 8
16 78 79 103 179 187 150 243 250 47 25
72 67 190 69 87 60 118 185 113 0 7
95 93 46 114 164 142 167 249 250 45 24
15 29 39 54 107 112 152 235 229 16 12
6 52 46 52 141 152 118 241 251 206 48
6 65 46 35 131 135 118 239 250 223 49
24 34 35 36 112 128 105 234 247 236 50
20 69 47 24 101 103 124 234 248 79 23
7 26 36 20 86 109 116 239 250 101 26
9 22 34 18 76 95 124 241 250 82 23
5 61 36 34 147 132 111 250 251 176 43
6 24 27 14 89 103 115 244 251 135 32
32 115 93 39 140 141 137 250 250 105 31
5 43 29 116 182 112 96 244 250 118 37
66 20 37 27 70 98 100 246 250 109 28
16 22 23 18 89 98 102 244 253 252 52
7 33 22 70 149 142 112 243 243 186 44
19 65 30 59 152 152 125 251 251 252 55
9 3 15 8 30 251 72 241 180 57 20
58 30 25 22 75 94 102 235 251 158 36
6 13 49 50 97 161 140 139 146 1 6
7 55 34 8 99 98 106 254 250 123 31
5 39 28 17 103 103 123 250 251 117 30
10 37 34 25 218 86 113 248 193 13 20
29 87 27 25 194 221 15 219 227 193 50
11 8 57 8 99 107 21 235 173 110 27
1 27 2 3 95 83 52 232 239 61 18
57 45 9 9 87 75 52 248 252 108 28
19 53 54 70 125 140 180 242 253 200 46
3 31 35 43 95 99 183 244 244 60 20
4 17 49 46 106 161 186 234 242 40 18
5 2 47 36 90 167 185 233 240 35 16
4 16 39 49 100 145 178 226 226 29 14
45 21 56 45 57 91 194 232 193 12 9
9 31 35 48 108 128 169 240 253 205 46
8 32 26 40 100 110 164 240 252 200 45
5 86 36 38 140 107 161 250 247 119 33
5 97 46 30 129 84 163 249 237 52 20
4 21 22 22 73 76 154 242 247 97 25
22 93 26 39 211 163 148 250 251 254 63
7 10 14 19 61 64 152 241 240 64 19
29 6 27 17 225 67 166 242 222 33 25
28 75 26 60 188 186 59 246 251 233 57
43 93 124 118 187 215 190 238 251 160 48
15 11 11 10 68 59 28 241 241 251 50
84 72 7 84 139 111 87 221 223 165 39
2 22 9 2 92 87 59 238 252 48 16
74 64 193 39 103 130 72 247 244 112 31
39 83 13 17 118 82 69 238 229 78 23
5 120 34 47 194 129 104 254 235 157 44
5 91 37 45 227 167 105 253 249 217 59
7 151 38 34 192 125 111 251 244 164 45
6 155 37 54 210 133 131 252 247 170 49
5 100 23 43 208 111 110 250 237 45 26
6 139 29 35 187 105 106 247 235 44 23
5 147 28 46 210 126 106 250 239 106 38
8 152 35 18 168 89 112 252 239 61 25
3 103 38 47 182 121 105 251 240 80 29
14 28 45 59 68 81 134 139 145 0 4
7 11 21 8 67 77 113 245 242 54 17
10 50 29 61 151 155 142 250 250 201 48
16 8 12 4 72 77 59 243 238 245 49
74 212 34 252 161 90 252 233 252 191 59
11 10 94 10 62 51 42 252 246 220 46
68 29 196 25 83 77 76 237 164 5 8
33 59 38 253 218 106 250 251 250 91 46
12 9 84 9 60 68 56 252 252 240 49
9 7 106 7 70 91 60 247 238 223 46
5 6 17 2 101 159 31 217 253 116 29
14 19 24 10 119 194 49 221 246 98 28
11 41 27 72 158 198 126 224 248 166 43
39 26 24 56 118 136 80 226 237 203 44
36 105 7 45 173 120 72 243 224 232 53
20 209 9 241 103 106 240 228 241 212 57
15 38 201 36 120 166 79 248 246 94 29
67 18 25 241 137 68 97 227 253 36 24
63 79 41 247 194 106 93 238 253 80 38
63 56 198 71 201 221 72 253 236 225 59
44 73 31 240 111 54 112 248 251 120 39
76 32 23 173 190 173 95 227 251 209 55
25 14 13 52 89 59 23 227 254 255 51
17 7 23 153 100 77 205 227 252 202 46
28 21 17 123 114 103 254 252 249 151 40
16 6 17 237 155 81 183 228 244 146 45
51 35 32 168 157 118 58 227 254 129 37
17 34 19 66 87 75 233 251 248 195 44
6 41 94 193 180 141 221 226 226 193 53
21 14 26 213 101 50 229 244 250 168 45
8 10 25 44 58 71 221 240 249 243 50
19 5 23 201 122 79 207 220 243 238 55
34 7 11 45 81 88 95 222 243 161 35
38 19 30 93 125 135 137 242 247 179 42
42 15 29 91 124 138 120 236 249 183 42
43 19 31 111 131 128 120 235 248 169 41
39 15 28 102 119 113 130 236 248 120 32
53 18 40 149 128 109 189 213 186 2 11
58 37 44 153 173 189 172 244 251 209 54
7 15 80 12 199 249 91 250 203 24 23
7 3 29 86 68 41 49 230 228 115 28
20 35 17 11 77 62 96 244 231 57 17
18 25 28 27 82 99 125 240 250 63 19
13 20 12 6 66 67 80 241 244 115 28
13 34 38 29 95 110 130 244 251 126 31
74 19 29 145 121 99 110 227 250 137 36
8 24 29 37 99 115 126 242 250 112 29
8 35 80 28 101 139 117 243 251 163 38
7 2 17 6 59 243 52 232 237 110 29
5 16 16 5 80 67 70 238 240 141 32
53 80 203 75 143 152 113 250 208 38 20
12 70 54 14 91 251 19 253 239 56 22
1 12 1 1 78 68 38 222 246 122 29
38 197 25 58 229 117 92 254 233 144 48
10 12 12 10 84 131 88 224 252 220 46
7 4 3 4 24 234 105 251 183 85 25
2 39 6 11 186 237 78 246 252 211 54
58 9 122 16 60 152 161 247 152 82 23
55 15 125 67 111 157 142 236 131 35 16
15 31 48 94 148 119 18 227 235 217 49
12 2 51 102 138 87 6 244 244 243 52
15 26 7 188 205 122 17 222 251 244 62
18 15 25 225 245 124 16 240 134 5 28
224 241 239 216 242 234 33 226 245 196 75
123 7 21 156 105 101 150 229 146 57 21
118 180 195 203 223 234 236 167 127 10 31
36 6 30 25 138 129 46 238 122 71 22
18 67 84 16 118 141 111 236 195 208 46
68 142 124 96 160 114 146 247 234 195 49
13 1 16 2 56 83 23 226 234 209 43
35 33 104 233 216 238 248 243 244 134 54
100 16 11 11 98 97 10 253 243 169 38
8 24 10 34 87 104 224 245 219 6 10
8 5 1 17 68 207 5 254 113 40 16
34 5 61 114 66 50 238 231 156 28 14
11 11 13 10 88 71 28 242 247 78 22
43 32 26 228 120 87 20 237 249 166 45
28 35 27 126 177 185 133 232 246 197 50
23 18 163 6 68 112 39 231 188 41 15
10 60 17 31 125 52 109 238 117 181 40
14 4 7 2 55 22 28 231 114 220 43
13 9 17 39 78 83 154 221 143 76 20
56 4 33 37 70 80 115 249 185 108 27
36 32 33 63 113 116 125 229 219 137 34
73 8 110 135 156 196 36 172 102 15 15
116 51 13 174 143 130 201 214 207 41 22
148 239 9 242 92 54 10 249 241 58 32
54 112 9 25 158 132 132 244 152 57 22
146 191 163 222 240 182 247 254 250 225 75
147 186 209 202 240 249 241 246 200 21 40
17 9 55 7 90 154 29 224 252 115 29
33 21 2 23 69 65 93 230 227 222 45
85 87 8 109 205 190 69 235 242 116 40
19 41 39 82 139 163 217 251 251 167 43
8 4 14 4 63 30 21 228 107 135 29
76 73 38 1 54 41 86 241 237 197 42
83 141 159 112 174 193 190 247 249 249 61
11 6 18 26 106 163 77 228 251 100 27
31 14 7 4 94 85 23 241 224 214 45
38 82 143 106 60 204 155 254 189 189 44
18 192 48 136 236 233 223 232 243 100 46
5 31 2 139 142 70 241 235 160 10 14
60 85 63 64 132 75 155 238 132 133 34
20 8 18 46 109 185 202 239 177 35 17
112 251 27 41 250 249 246 251 242 54 44
25 98 13 34 141 56 71 247 234 254 54
8 15 7 30 87 61 130 236 192 6 8
21 23 17 11 96 99 30 244 250 212 45
164 206 232 200 235 252 227 252 248 129 60
22 6 136 3 64 170 38 235 186 157 36
8 15 172 12 65 96 31 243 249 241 49
66 88 126 106 178 196 146 238 200 239 57
6 26 5 73 111 77 70 106 68 11 7
11 21 15 43 77 65 196 242 219 27 13
200 127 54 247 217 183 244 246 249 164 63
96 132 168 106 178 189 193 242 144 61 29
27 37 52 56 109 95 156 240 184 198 44
193 192 173 214 220 220 220 233 236 73 47
18 0 10 2 51 30 35 246 185 67 18
126 235 251 158 241 251 199 241 250 58 47
9 15 19 177 75 206 16 247 247 123 35
13 64 119 73 183 239 252 253 253 62 31
8 10 8 4 74 72 70 232 225 15 9
36 54 32 78 232 248 28 251 254 240 52
7 14 76 26 107 209 158 239 250 74 24
6 4 56 53 117 135 76 235 239 64 21
78 56 29 76 171 223 109 233 252 237 57
20 4 19 204 148 94 221 237 246 142 42
126 135 147 243 247 253 252 253 253 212 76
116 82 21 156 145 104 222 242 226 205 51
24 6 10 4 48 23 29 239 165 98 23
17 8 36 95 135 150 110 206 167 82 24
32 29 115 73 134 183 166 241 176 67 24
18 5 25 45 88 92 114 222 185 141 32
28 9 149 6 66 214 42 240 151 44 17
39 27 37 72 113 108 149 235 184 226 48
66 69 49 92 167 164 142 240 167 120 35
15 19 11 9 67 65 68 237 237 201 42
224 228 23 231 243 134 195 240 217 221 75
9 14 44 16 99 142 59 225 250 97 26
10 3 57 7 89 113 35 239 205 151 34
13 1 19 2 91 110 30 241 247 115 29
105 131 125 95 137 119 203 236 133 48 22
19 27 15 8 81 85 47 227 244 239 48
6 8 11 32 81 67 84 224 235 43 15
39 52 160 55 92 180 214 232 197 97 29
9 62 143 6 51 203 4 229 212 151 36
127 185 56 121 164 183 160 43 42 1 13
54 23 49 92 124 39 24 236 153 60 19
23 44 29 65 201 239 36 230 245 197 53
177 119 80 208 73 24 44 224 207 21 18
17 14 13 6 84 86 22 229 234 193 41
46 160 54 41 159 55 26 249 250 236 54
15 25 16 41 82 65 126 226 188 82 21
212 181 97 234 236 219 248 253 220 13 40
26 122 211 87 133 167 79 77 71 8 10
7 7 29 19 71 109 115 231 247 101 26
45 38 17 57 117 118 103 244 254 113 30
8 7 12 3 65 92 68 222 254 211 44
8 8 7 11 77 82 82 233 252 206 43
8 1 52 12 113 231 98 227 243 40 18
20 58 58 62 135 141 135 252 252 109 32
31 68 37 103 75 33 82 248 237 60 19
10 15 15 9 80 74 72 236 244 213 44
11 6 11 210 218 67 53 253 202 46 31
20 117 38 6 108 61 78 240 223 64 20
8 22 38 25 101 97 107 238 206 21 12
7 32 33 29 108 106 112 243 242 36 15
5 14 6 190 188 68 40 223 238 188 51
5 31 17 30 118 82 81 245 251 120 31
3 35 31 29 111 115 100 240 251 106 28
5 9 20 7 74 87 74 230 249 110 27
20 11 17 17 64 45 78 238 163 21 10
36 74 76 108 157 173 212 251 255 169 46
2 26 27 16 153 111 18 255 185 9 12
17 109 15 8 157 108 30 248 245 114 33
48 103 144 205 216 231 253 244 244 30 34
2 5 239 19 67 84 11 240 232 65 21
22 23 18 12 99 102 47 244 249 152 36
12 8 174 140 80 241 143 250 177 72 27
9 32 38 47 91 107 207 250 250 202 45
8 9 10 162 175 72 90 240 236 244 57
18 155 161 15 103 96 202 247 241 74 25
11 19 26 12 134 192 65 238 206 235 51
14 3 28 3 80 192 164 250 255 199 45
22 5 11 229 112 55 255 242 245 64 29
11 8 25 239 83 40 60 246 238 23 19
195 45 17 80 82 104 248 254 254 213 51
184 19 8 36 58 89 176 244 243 196 45
18 32 183 38 127 182 51 247 250 235 52
82 110 140 42 127 114 24 237 244 183 43
31 20 126 152 171 246 189 230 250 185 52
96 100 79 21 89 81 99 241 250 174 39
10 52 74 116 203 245 214 246 253 254 65
10 19 7 78 21 104 62 240 131 55 16
124 9 17 229 124 80 50 234 254 86 32
52 30 18 220 190 162 254 251 242 148 50
36 25 19 156 145 134 254 253 249 231 56
30 13 10 83 81 73 218 241 246 212 46
29 13 12 118 100 88 227 233 239 194 44
8 1 22 2 129 234 38 222 250 159 40
12 1 7 50 87 123 106 218 251 239 49
15 50 28 22 150 175 48 244 252 153 39
165 44 21 61 112 125 100 252 253 72 24
28 17 21 182 158 128 29 213 238 226 53
13 94 254 66 180 255 101 232 252 135 44
148 28 9 29 50 62 115 250 181 17 11
36 3 25 12 58 44 80 232 154 11 8
60 23 25 48 79 91 155 250 249 40 16
68 24 24 37 76 91 145 251 250 54 18
90 106 45 231 232 158 243 250 243 160 60
71 15 32 198 127 94 46 227 254 192 48
14 42 17 17 101 96 98 247 253 217 46
38 28 22 27 70 86 122 234 252 200 42
75 49 29 29 109 131 181 253 251 175 41
37 82 70 85 157 132 165 253 241 132 37
10 36 6 22 89 63 106 230 195 17 10
16 30 34 104 91 55 136 243 249 116 30
50 71 48 165 177 145 208 251 246 229 58
17 39 16 70 127 87 113 244 246 187 43
3 92 20 157 76 231 240 229 143 9 15
128 160 16 239 251 208 245 250 253 191 71
35 23 17 126 125 69 200 253 225 102 30
43 64 18 19 104 91 74 234 249 130 31
28 22 149 16 91 169 62 244 242 77 24
13 65 20 17 131 117 58 242 252 157 38
10 10 62 7 97 134 44 241 246 94 26
25 12 14 10 83 77 40 245 238 39 15
40 60 77 148 171 164 191 246 245 190 50
21 22 19 14 108 113 44 241 249 185 41
97 87 183 159 219 212 70 249 199 19 28
25 10 152 28 105 169 93 241 148 124 32
21 12 11 6 60 73 87 231 253 237 48
10 14 23 15 94 125 46 206 238 204 42
54 22 55 6 115 162 11 234 158 13 11
6 21 57 46 94 136 208 244 250 216 48
29 6 1 36 80 76 100 229 219 97 24
25 38 166 8 96 136 61 245 180 50 18
11 3 30 6 76 67 65 246 182 212 44
16 2 6 2 72 31 28 235 147 172 36
47 30 42 32 43 43 180 241 220 78 22
54 91 93 115 176 125 82 238 209 238 55
50 53 26 61 148 138 89 230 149 248 52
17 29 14 4 70 70 64 234 244 240 48
133 103 105 202 215 234 174 235 255 38 35
12 32 9 60 103 77 166 226 191 119 30
42 11 69 44 69 64 134 254 203 98 26
19 33 170 51 153 232 49 243 251 94 32
16 7 11 32 75 64 119 238 229 190 41
7 8 45 57 104 162 158 223 250 83 25
66 86 24 49 136 110 71 236 242 188 43
14 61 26 47 108 98 153 205 184 0 7
72 243 49 25 219 117 53 249 249 94 40
3 94 6 1 128 80 55 233 214 192 43
6 95 3 6 145 79 33 230 158 87 25
28 8 25 41 78 98 107 221 224 118 28
23 9 5 30 72 71 129 243 248 233 48
12 5 7 1 55 76 71 227 255 231 46
83 4 14 159 86 72 254 244 217 25 17
12 129 32 12 184 151 21 235 225 70 27
40 124 99 76 196 212 123 251 252 188 52
14 28 8 37 98 83 121 245 251 69 21
92 89 195 98 143 225 101 218 253 60 26
6 22 8 84 113 59 185 247 233 187 43
12 116 24 40 127 29 33 243 239 143 35
51 35 55 55 100 106 105 228 211 236 49
7 4 37 10 63 42 18 241 255 238 48
16 3 15 144 95 59 234 231 216 14 14
18 17 17 72 98 98 178 239 247 238 50
20 40 65 103 109 150 137 221 222 166 38
19 8 20 9 83 50 64 238 143 247 48
8 58 89 26 125 145 98 230 212 143 35
27 9 158 66 57 61 127 252 241 113 29
13 99 139 88 188 221 200 246 246 69 32
7 61 92 28 128 171 112 229 242 207 46
6 22 34 21 132 122 26 247 229 240 51
28 58 49 15 113 141 46 238 254 253 52
64 99 10 80 68 2 43 239 243 192 41
27 6 42 4 67 84 28 244 237 224 45
152 229 4 107 230 63 23 242 227 71 38
44 8 7 51 94 42 120 244 131 118 29
25 32 39 7 87 108 36 214 228 37 13
33 79 25 27 93 61 164 250 245 239 50
19 15 19 66 91 72 47 219 247 147 33
12 1 81 1 107 223 17 224 252 218 48
34 146 6 122 200 70 200 245 232 119 40
119 149 49 18 110 58 83 242 237 178 41
4 14 1 43 91 61 102 234 249 249 50
14 14 17 65 117 77 107 242 208 7 10
121 99 141 159 206 247 85 222 250 142 49
27 7 55 59 108 130 114 248 237 78 23
43 11 16 61 81 110 166 237 231 44 17
4 4 49 17 69 111 131 232 240 120 29
28 8 11 43 80 43 31 245 250 209 44
7 25 6 8 93 89 75 236 235 81 22
26 19 18 46 88 77 92 233 254 223 46
4 43 11 21 115 123 143 245 250 155 37
14 7 34 27 89 78 87 245 156 176 38
4 16 36 63 93 53 67 229 234 187 39
14 32 73 71 135 159 192 242 180 14 14
15 5 10 4 81 118 25 225 254 129 31
180 55 0 62 162 241 240 242 239 210 56
148 80 108 180 155 179 221 250 253 254 63
47 66 15 77 158 128 190 247 252 140 39
22 4 4 11 64 58 38 223 192 67 18
46 15 19 18 94 98 29 236 239 234 48
106 25 61 74 64 126 225 240 247 134 34
45 16 31 30 47 60 164 238 242 221 46
62 3 40 45 58 114 139 224 250 240 49
12 34 79 15 116 193 96 237 254 215 48
165 138 49 42 184 199 97 247 240 161 47
4 10 13 152 179 214 246 247 247 76 34
42 60 13 71 109 134 132 233 126 171 39
40 39 28 85 114 92 134 243 254 117 32
6 16 47 5 66 98 109 242 254 230 47
12 9 21 37 111 142 113 233 195 109 28
33 26 7 27 65 62 154 247 254 118 29
22 33 66 4 66 103 119 236 254 219 46
185 246 217 34 227 247 111 249 249 82 46
6 6 39 6 80 151 73 223 229 140 32
35 43 54 59 115 98 119 222 157 72 21
25 28 34 40 101 116 106 235 244 202 43
13 1 9 6 59 36 25 227 201 132 30
39 19 38 85 83 69 180 208 149 4 7
112 17 11 216 116 58 254 240 195 3 17
218 246 251 215 246 253 203 246 253 46 53
11 11 21 8 76 92 74 238 245 227 47
12 17 10 49 107 102 138 240 236 122 31
12 12 18 77 153 200 96 230 247 158 41
11 13 10 5 94 93 34 236 245 175 39
17 4 2 52 70 66 136 231 234 189 41
39 33 16 33 95 95 86 227 240 233 47
98 122 246 187 176 214 220 235 252 166 53
15 5 140 5 32 59 111 248 232 204 43
34 19 35 113 78 46 73 229 241 175 39
7 7 6 13 49 30 142 234 176 24 10
5 25 60 30 97 176 161 217 251 227 49
25 8 23 18 88 112 40 217 227 171 37
60 41 63 61 69 71 151 213 160 65 18
13 66 169 33 45 229 9 248 112 14 12
23 18 35 46 90 115 103 216 234 169 37
12 2 87 4 60 67 19 215 119 21 9
176 184 207 215 219 236 241 240 246 111 55
16 24 18 171 128 47 232 245 223 68 27
4 12 5 31 76 37 30 228 248 153 34
51 20 242 25 91 213 44 231 250 30 17
15 6 32 5 64 45 32 245 213 182 39
111 117 61 203 175 78 233 244 206 10 22
201 224 135 57 235 246 18 237 242 197 65
132 3 9 8 73 101 5 238 220 117 29
19 1 7 1 51 57 30 226 219 185 38
81 57 35 187 180 178 233 237 241 162 49
172 33 44 30 77 102 16 231 243 201 44
14 5 6 4 63 71 39 243 248 163 36
9 10 128 45 79 162 164 236 240 108 29
9 8 116 9 73 125 129 253 235 223 47
17 61 5 52 129 101 113 232 236 234 50
8 22 0 22 124 136 108 244 193 75 23
23 50 136 88 100 103 160 233 192 113 30
226 252 166 38 135 82 58 238 233 60 30
9 1 104 2 101 191 19 236 255 171 40
70 70 105 83 134 155 167 225 149 26 15
127 21 25 61 91 100 71 245 238 153 36
38 59 65 43 150 194 61 232 247 131 36
22 29 62 72 126 141 143 233 187 113 30
83 5 49 13 58 51 59 231 121 14 8
42 53 80 61 129 144 145 228 164 95 28
12 23 23 49 97 117 152 230 253 123 31
34 28 43 76 139 97 71 198 102 7 9
8 5 132 15 66 132 155 249 192 107 28
27 8 18 21 91 54 76 241 137 64 18
86 106 143 127 186 204 206 247 172 20 23
34 34 32 79 122 103 162 239 196 59 21
53 10 24 10 76 61 62 246 196 34 13
3 10 58 14 64 81 83 227 254 247 50
99 110 144 131 96 26 182 243 173 71 24
46 96 25 83 208 221 81 231 249 127 42
4 45 29 39 105 88 166 255 247 192 43
26 167 14 91 237 165 162 244 191 26 28
25 240 11 237 119 64 48 241 210 7 21
20 4 9 6 90 115 51 234 185 82 22
17 22 31 16 124 143 41 245 249 175 41
14 9 13 2 100 116 33 240 250 243 50
14 5 14 23 76 85 100 233 229 177 38
45 2 224 157 239 55 247 248 229 118 48
27 18 137 86 58 68 237 248 214 78 24
23 9 178 90 157 43 221 251 194 72 27
35 49 6 59 100 50 163 232 176 60 19
11 9 8 50 76 102 233 239 205 38 16
68 130 166 169 217 241 228 245 245 77 42
57 5 7 69 118 208 195 228 184 18 15
5 19 9 27 59 57 184 232 232 55 17
15 11 22 8 94 99 37 243 248 91 25
91 55 37 128 118 109 215 244 247 53 22
23 39 31 56 85 94 184 228 243 137 33
12 42 20 27 143 121 37 252 241 52 20
247 245 132 95 244 253 149 254 250 179 69
22 7 80 19 118 210 33 230 240 127 34
31 7 150 83 152 226 76 249 248 253 59
37 11 111 30 79 232 218 226 234 16 14
25 28 8 47 118 99 33 211 227 192 42
197 16 53 31 162 143 21 247 230 128 38
18 24 240 132 140 249 228 242 247 149 46
8 24 10 71 107 64 159 240 242 251 52
14 20 54 38 250 54 236 248 241 51 33
4 187 0 163 58 194 2 249 246 119 35
39 16 10 6 77 77 40 241 245 177 38
26 39 19 36 126 129 49 233 250 245 51
27 12 3 17 60 58 111 231 234 78 21
138 220 66 151 227 105 155 246 228 100 44
121 65 3 155 112 48 214 225 212 31 18
55 34 150 92 223 218 54 244 223 201 45
45 60 1 35 163 116 32 251 248 120 34
6 96 87 16 134 113 122 246 224 170 41
15 65 76 2 142 215 50 239 254 113 33
10 71 37 3 75 63 156 242 243 134 32
7 134 147 35 165 133 164 250 182 31 20
13 11 11 6 89 129 54 215 244 247 50
23 48 4 74 114 70 137 232 244 217 47
38 102 12 17 115 51 67 231 231 254 52
20 19 146 37 94 122 84 247 234 181 40
97 93 6 135 161 85 133 235 235 193 48
32 60 5 30 114 85 82 230 219 70 21
14 79 143 3 69 63 20 211 220 98 25
201 225 45 18 204 186 119 243 244 78 39
74 6 32 36 87 86 49 241 216 79 22
20 14 14 10 101 119 19 237 251 119 30
49 11 78 9 69 80 31 243 245 146 33
7 24 27 23 211 248 244 245 236 70 35
32 11 52 28 91 86 51 209 152 2 6
57 97 27 111 211 173 78 246 249 114 41
50 95 30 65 209 224 70 248 239 254 64
31 30 18 40 120 136 58 221 239 247 51
36 58 34 80 177 194 105 245 242 204 51
28 154 18 156 139 239 95 250 243 104 36
48 21 47 78 101 45 125 247 160 18 11
24 24 18 17 110 113 36 234 240 204 44
21 54 17 40 156 152 34 232 245 175 42
58 76 29 83 100 45 148 233 239 127 31
10 4 17 112 78 44 12 229 255 227 47
18 26 39 56 112 112 178 244 161 40 17
34 5 13 13 53 75 137 228 163 39 13
108 18 212 40 141 245 27 250 251 243 58
19 179 173 199 65 235 48 250 189 28 22
4 89 1 46 54 249 6 254 151 33 16
39 41 56 30 104 127 58 223 246 211 45
7 2 21 75 90 132 170 218 250 179 41
38 55 7 88 118 44 215 251 189 77 25
25 54 37 5 125 147 13 217 215 129 32
222 37 29 132 137 143 41 236 249 73 29
29 82 31 190 98 10 49 233 162 8 12
18 170 189 13 193 229 90 246 250 224 59
51 2 66 95 83 64 20 219 248 135 32
66 7 170 79 118 70 23 253 236 75 24
62 19 3 139 204 146 49 248 144 22 21
34 21 14 51 125 171 117 232 230 161 39
19 44 121 2 106 150 30 243 237 190 43
48 8 161 82 93 167 191 244 156 47 19
91 8 41 110 74 104 207 234 251 73 23
21 4 11 92 72 34 8 236 252 186 40
69 6 15 20 208 82 212 242 253 58 29
143 3 130 42 93 118 202 251 239 107 31
121 165 129 179 233 217 203 223 144 24 32
13 18 10 8 73 49 61 245 212 161 36
45 66 75 40 93 101 131 225 219 142 34
6 38 31 37 115 99 105 242 203 47 17
21 21 31 10 98 110 32 231 233 81 23
10 14 15 38 58 64 207 243 245 59 19
92 93 62 141 180 177 167 222 237 108 37
32 218 49 16 214 107 47 253 234 51 30
13 112 12 11 151 82 57 251 228 53 21
45 72 75 90 135 67 107 250 210 242 52
58 77 105 34 55 155 132 240 160 103 26
86 106 108 37 70 223 155 245 152 45 19
78 107 121 43 68 210 152 245 157 48 19
8 88 235 198 216 254 254 250 254 53 40
125 162 172 151 234 236 78 238 252 226 68
68 159 19 122 181 233 70 250 132 28 23
13 20 165 139 145 244 241 246 254 133 43
11 17 53 42 65 87 207 235 216 139 33
10 63 1 1 78 32 29 223 204 40 14
44 80 26 39 133 114 76 234 245 120 32
37 241 86 52 253 182 57 254 254 224 68
22 5 11 3 59 36 37 246 183 232 46
3 23 1 6 73 65 117 241 250 119 29
10 12 75 38 165 213 55 250 186 130 37
13 12 10 5 24 120 8 251 115 61 17
63 148 111 161 211 161 188 189 125 22 24
128 226 18 231 74 39 25 245 210 38 26
1 62 146 90 234 254 225 247 254 226 66
173 222 248 211 235 249 248 245 249 162 68
16 7 83 40 79 79 115 251 189 136 32
61 16 7 132 126 84 154 232 215 234 51
38 36 138 29 101 129 133 245 120 125 31
37 82 193 133 185 219 214 227 133 27 24
36 58 195 135 184 221 215 247 140 33 25
64 111 187 122 193 226 216 241 170 59 32
90 89 9 99 152 93 143 232 149 75 26
87 25 29 133 105 102 215 236 196 174 42
73 101 54 122 205 193 178 243 180 169 50
12 7 153 8 56 76 59 233 137 142 32
15 85 33 80 177 117 83 253 243 243 56
40 191 72 96 190 117 192 224 197 129 40
35 23 99 50 78 80 103 250 224 183 40
44 2 40 88 87 167 130 217 234 184 41
73 114 92 71 151 144 116 227 196 111 32
103 3 3 147 139 151 117 234 235 212 50
39 52 67 62 129 145 114 242 251 200 45
16 9 8 4 77 79 24 233 236 175 38
15 71 168 80 166 229 175 239 254 66 29
13 5 19 52 59 65 214 237 248 107 29
18 152 9 58 173 103 147 229 241 237 55
10 11 20 3 88 61 44 244 164 119 28
22 74 73 63 78 205 103 253 162 164 39
49 70 94 54 123 136 141 231 148 178 41
61 76 108 59 114 141 152 233 163 172 39
78 4 17 87 94 160 190 227 209 176 40
12 1 15 3 59 24 14 228 104 107 24
209 210 213 238 239 239 252 252 252 46 50
62 85 95 38 66 242 78 252 191 174 42
18 19 53 60 119 95 144 237 136 225 47
49 84 99 59 128 129 146 241 217 242 52
101 69 77 76 134 104 87 252 166 153 38
33 125 16 58 145 25 19 237 197 206 46
13 4 64 6 31 146 17 251 121 13 9
58 91 71 113 148 128 219 251 245 22 18
33 14 225 6 176 137 20 250 236 68 27
204 201 209 202 235 236 70 225 252 171 66
37 159 50 13 186 139 24 249 248 210 52
9 9 20 50 84 72 170 236 164 28 12
246 241 74 176 246 233 236 247 244 67 52
21 33 29 89 111 107 229 250 241 146 37
191 230 125 238 171 223 250 193 151 6 30
17 37 105 95 154 208 200 243 213 229 54
64 40 54 105 123 125 172 224 175 163 39
53 78 68 101 116 71 184 234 238 109 30
74 74 207 86 162 190 42 241 172 60 26
14 4 18 4 60 52 77 240 207 157 34
16 24 13 4 74 74 81 235 246 190 41
183 110 56 219 219 205 218 243 227 48 39
73 17 22 136 128 123 176 226 198 215 49
61 73 94 77 149 173 126 224 161 92 28
55 33 22 99 120 103 150 219 163 175 40
60 83 46 139 203 204 214 204 122 17 22
58 91 120 98 176 181 180 239 149 95 33
19 6 17 6 63 39 35 232 117 218 43
9 15 19 15 136 87 48 253 176 169 39
46 40 65 70 125 149 165 227 161 250 52
27 134 61 123 189 201 201 246 149 77 33
54 72 96 93 169 172 142 218 119 107 32
55 68 61 85 152 110 133 234 144 166 40
5 2 16 107 56 52 11 254 225 168 38
47 141 199 114 211 249 134 241 250 130 48
9 4 55 6 64 68 23 230 145 49 14
19 80 21 141 173 93 11 242 254 160 43
2 5 92 8 84 189 139 237 251 105 29
7 10 6 3 59 53 83 242 235 55 16
36 15 21 66 104 71 30 248 254 89 25
7 30 16 42 83 59 219 252 220 18 12
28 23 15 29 120 121 45 238 238 242 51
28 30 15 40 90 92 143 244 254 248 51
9 5 179 1 79 209 23 229 250 218 48
18 54 50 73 153 191 172 239 246 118 35
42 4 13 62 67 49 98 218 227 119 28
115 7 10 123 90 50 117 230 174 24 13
19 26 51 84 133 152 150 233 219 222 49
69 87 116 101 161 189 159 238 239 118 37
200 24 14 33 66 94 55 247 253 149 37
21 7 7 22 45 65 198 241 245 73 21
201 205 190 217 231 231 200 240 248 179 68
18 19 11 7 97 94 35 235 242 186 40
222 9 122 239 87 165 242 150 153 0 19
97 61 147 211 196 251 219 238 252 31 33
