19 116 15 135 201 77 211 250 203 143 30
49 106 88 118 162 126 230 253 196 16 17
64 67 109 159 194 224 174 235 229 53 24
108 24 16 38 129 133 17 253 251 234 23
3 43 9 148 170 118 249 254 243 62 21
11 16 6 39 72 41 163 236 175 92 13
13 25 49 79 124 151 157 234 255 149 20
13 45 43 117 160 162 178 233 239 154 22
13 37 11 72 129 81 108 237 238 234 22
9 28 7 70 113 78 125 239 249 193 20
1 54 0 106 156 55 162 239 165 19 13
10 46 12 133 175 120 165 240 231 197 24
73 73 29 127 163 146 213 221 158 70 18
52 64 44 85 128 124 189 207 134 118 16
73 89 155 116 166 205 203 237 169 201 27
65 2 45 39 227 251 192 246 146 90 26
57 9 47 46 211 251 201 249 161 198 30
44 33 21 52 224 250 226 190 128 46 23
63 0 50 35 233 250 202 254 155 126 29
22 1 22 66 33 48 219 150 138 14 8
11 35 40 11 126 166 38 230 248 90 16
23 17 35 196 59 108 46 253 93 83 16
151 23 134 133 204 253 16 136 75 11 19
93 153 58 154 208 232 219 121 99 68 23
71 140 189 42 45 54 208 137 110 38 11
12 71 74 9 171 240 18 156 124 43 15
12 19 58 3 200 235 3 245 118 236 27
24 6 25 105 40 24 20 249 165 99 13
20 3 23 66 142 204 97 226 238 55 16
61 9 33 57 135 225 64 232 253 234 25
0 42 0 27 121 81 44 234 251 204 20
6 49 17 49 135 116 114 250 252 172 20
17 228 39 12 246 153 9 247 190 137 29
10 19 12 45 84 31 138 205 101 38 9
58 59 136 108 155 234 166 229 226 73 21
17 3 6 5 66 34 36 244 161 79 12
19 37 126 71 109 167 155 184 132 15 11
17 4 2 4 64 32 41 234 151 223 18
11 84 94 60 176 180 61 230 220 166 22
18 169 101 40 198 164 171 252 176 39 20
48 12 36 101 61 71 238 230 224 125 17
29 5 21 107 61 42 198 225 182 86 14
141 12 150 196 114 178 202 214 150 92 21
129 12 150 197 138 194 200 231 163 243 29
130 17 154 179 121 181 202 235 166 172 25
129 13 153 181 122 183 207 242 174 234 28
133 19 159 178 119 180 203 236 168 163 24
24 7 247 16 97 241 62 227 186 42 17
32 230 255 154 255 252 113 241 242 198 42
12 2 34 6 91 109 24 238 206 147 16
18 79 22 16 113 59 41 230 173 23 10
1 17 8 45 120 106 40 225 250 159 17
9 1 47 7 95 110 34 244 219 182 18
75 42 22 95 37 138 200 246 161 196 20
66 20 9 203 53 17 152 244 163 79 17
7 1 10 11 32 27 36 101 69 44 6
4 17 33 33 60 76 211 238 252 229 21
99 236 22 16 113 63 174 227 254 224 24
9 25 33 55 78 86 235 251 252 134 19
16 5 138 6 92 192 37 234 179 189 19
5 4 61 2 75 86 25 226 114 90 12
11 133 39 4 214 218 32 193 115 27 18
11 12 4 14 95 48 78 251 159 154 16
84 83 170 165 32 178 242 218 110 41 17
15 3 7 5 62 20 10 188 80 34 7
9 127 161 42 215 246 24 237 223 12 22
109 87 167 51 188 253 18 253 253 208 30
106 12 145 17 206 245 2 249 251 161 29
8 174 8 161 35 83 165 243 160 249 23
11 173 7 169 36 82 171 247 160 253 24
20 236 1 215 74 91 213 177 141 23 17
18 3 20 4 80 100 43 215 119 32 9
14 26 13 20 96 83 57 237 251 246 21
16 14 6 236 237 79 21 244 179 27 25
61 43 23 118 113 109 244 249 255 180 23
17 48 218 53 166 235 35 228 157 38 19
22 10 13 168 118 48 199 235 179 217 23
30 9 18 172 110 39 201 232 163 137 19
43 35 2 185 156 81 223 237 191 94 21
28 12 19 170 116 43 202 239 166 184 21
21 9 21 177 126 54 199 241 172 182 22
20 6 11 30 74 49 131 231 129 165 16
10 24 252 38 120 95 18 253 236 240 24
89 75 116 33 106 93 71 250 181 90 15
20 8 29 54 75 87 160 227 215 243 20
15 9 211 75 99 226 180 221 240 197 24
15 4 8 5 66 38 21 192 103 15 7
255 255 255 255 255 255 255 255 255 185 56
39 174 97 193 238 220 252 235 249 33 31
29 6 18 133 177 229 233 219 130 52 21
76 8 5 115 77 61 218 222 160 247 21
236 243 234 243 199 94 190 245 230 35 34
7 14 7 63 83 80 246 235 173 60 14
205 125 107 254 252 253 181 246 246 10 37
83 43 28 160 165 90 66 234 210 204 23
78 22 98 135 168 216 114 233 198 156 24
13 2 5 2 52 12 24 194 86 24 7
241 243 245 243 244 246 245 246 248 51 45
116 108 59 140 194 182 161 209 120 77 21
17 14 207 72 131 212 97 231 169 152 21
126 89 31 17 116 219 225 243 148 210 25
7 163 116 44 172 124 220 253 163 61 19
13 7 23 55 59 56 207 233 209 189 18
10 16 10 55 67 26 213 217 157 43 11
1 5 7 76 45 35 229 144 119 0 8
14 11 7 61 61 43 228 224 174 52 12
8 11 14 36 55 53 210 237 201 149 17
81 18 16 92 221 252 16 163 89 45 20
46 25 98 70 123 180 201 237 154 232 24
12 32 57 35 127 166 198 233 123 123 17
19 5 2 2 65 40 38 239 179 174 16
5 5 90 3 74 66 25 247 169 134 15
70 252 225 96 249 249 182 231 191 12 31
21 7 145 22 60 210 71 250 138 250 23
18 15 147 20 68 209 68 252 136 213 21
93 98 148 92 128 162 184 226 153 248 24
129 48 62 21 55 212 83 243 139 77 15
26 97 131 79 178 203 151 194 138 89 19
23 91 119 85 146 168 137 142 103 31 12
44 32 46 81 135 168 173 227 151 196 21
10 15 11 131 119 94 244 212 165 12 13
68 198 160 116 211 119 114 250 214 112 25
42 135 17 49 174 94 96 255 214 223 24
54 134 131 122 161 64 93 232 213 153 21
92 200 175 159 191 67 125 234 184 47 21
54 66 90 57 176 176 95 247 136 234 25
13 23 238 7 53 100 48 234 175 89 15
10 12 16 27 82 115 181 247 165 226 20
9 4 5 24 44 171 3 248 126 105 14
39 59 33 37 147 211 219 246 181 93 20
34 27 41 55 118 82 98 244 125 191 18
35 90 15 76 167 106 152 250 203 202 23
49 56 37 150 195 201 221 238 198 156 27
55 77 92 52 130 159 188 241 145 249 24
48 59 97 99 126 165 161 129 104 60 12
24 19 15 86 118 89 184 231 139 202 19
197 56 1 254 138 54 253 160 127 6 21
25 11 11 90 109 195 11 252 78 239 22
13 6 5 54 54 30 250 241 152 101 15
7 13 11 16 143 103 5 246 141 25 12
249 249 249 249 249 249 249 249 249 203 53
12 79 41 14 121 131 184 209 106 80 14
11 9 174 5 97 205 19 228 210 241 23
5 77 95 33 167 173 41 234 220 50 17
3 56 57 5 122 138 47 241 255 255 23
33 22 52 31 132 211 117 196 128 88 16
32 18 184 52 118 210 150 243 148 133 20
13 4 1 4 64 30 28 236 152 148 14
20 5 6 5 67 27 30 237 137 63 11
222 74 48 184 157 210 227 238 208 23 24
2 2 2 0 72 53 23 227 238 223 18
218 49 16 37 204 79 192 239 249 179 28
176 28 2 20 148 57 14 253 175 137 19
109 30 2 22 76 64 183 253 157 231 20
70 113 137 126 137 165 169 106 84 11 12
26 7 24 23 79 46 81 232 99 149 14
24 13 32 214 226 235 210 236 199 20 27
29 100 142 95 214 243 203 246 155 74 25
7 29 126 34 114 222 49 111 97 49 12
49 38 68 134 150 171 220 233 193 78 19
42 43 6 60 103 55 152 244 182 255 21
8 10 66 57 82 74 185 253 190 111 16
123 216 200 11 104 59 68 242 166 52 16
52 73 81 6 142 156 64 247 128 198 20
27 60 86 3 155 173 81 252 139 240 24
46 41 91 2 83 61 21 215 79 212 16
18 44 18 16 113 108 57 237 244 235 21
10 10 11 16 87 65 44 234 235 46 12
2 24 20 76 100 92 237 250 234 36 15
1 17 2 77 19 254 2 254 209 209 23
68 161 210 26 213 233 2 250 181 144 28
13 15 8 7 74 67 81 234 219 57 12
55 62 74 174 205 225 211 237 254 210 33
26 25 30 127 146 150 194 201 172 34 14
27 9 24 83 107 110 179 236 180 218 21
38 18 21 108 125 121 189 238 180 124 17
39 13 24 101 114 118 181 230 179 167 19
34 9 22 99 111 115 182 229 176 152 18
22 16 205 64 133 233 57 217 202 9 16
28 84 99 53 114 127 158 237 125 207 20
15 55 1 9 204 236 207 234 112 110 24
125 175 217 198 202 240 232 136 108 15 26
33 30 123 26 102 74 78 226 95 238 19
61 29 169 110 143 201 195 248 141 196 24
34 5 14 5 59 21 15 236 106 164 14
64 53 199 69 122 135 135 231 144 91 16
21 7 3 41 78 21 124 242 104 219 18
34 21 201 217 138 127 25 236 250 244 29
22 6 15 6 58 28 20 228 109 37 9
18 43 42 50 134 142 93 245 251 85 17
10 8 15 17 56 42 121 237 193 78 12
222 245 249 212 245 249 199 243 250 238 50
45 186 222 50 94 36 129 241 199 176 21
154 169 191 130 176 186 106 209 178 64 21
18 6 19 32 54 82 221 217 110 69 12
55 59 78 73 117 136 161 227 151 198 20
171 146 28 245 192 60 239 169 106 22 23
23 6 6 14 83 46 46 242 150 47 11
20 17 7 29 115 67 47 238 162 19 10
14 37 2 34 95 56 62 174 156 4 7
32 55 140 65 103 148 118 139 121 56 11
28 44 129 49 128 134 121 243 147 254 22
76 69 58 89 115 110 213 237 175 170 20
70 60 61 99 127 119 197 236 173 204 21
66 69 53 91 128 122 212 235 179 224 23
122 121 86 97 160 138 104 219 128 205 22
126 123 86 98 164 140 110 222 127 183 22
61 96 152 88 144 178 190 198 121 131 19
29 18 26 55 41 38 162 116 84 71 9
76 107 48 145 174 111 231 251 180 45 19
185 175 169 224 219 208 251 235 204 53 33
63 10 180 241 64 225 246 223 139 37 23
6 136 10 32 207 86 42 254 173 149 22
127 8 19 151 169 230 208 225 131 105 23
18 32 190 216 79 144 104 248 134 168 23
12 6 111 24 45 66 129 210 118 38 9
74 94 128 107 201 192 84 241 149 70 21
154 37 19 212 165 125 233 246 138 94 24
38 20 105 136 164 151 133 214 100 90 17
65 15 207 10 44 58 31 187 108 6 8
191 34 134 17 96 97 19 254 209 19 14
44 89 42 148 172 98 245 252 176 31 19
9 64 1 8 119 49 33 232 169 69 12
52 86 32 253 254 130 31 224 247 207 37
85 9 11 27 254 64 13 255 244 153 28
26 43 25 37 253 66 67 254 148 11 20
14 40 18 222 171 39 64 244 218 195 27
16 22 231 56 119 248 223 251 222 221 29
11 10 13 10 31 25 189 235 138 220 18
55 202 72 9 164 79 25 183 155 2 12
36 231 70 101 102 252 176 235 250 160 27
38 71 61 109 168 192 241 253 241 112 24
83 95 119 170 201 218 216 235 214 148 29
18 4 32 28 92 75 53 218 123 40 10
15 7 24 126 71 237 169 249 201 213 24
81 144 119 164 199 113 217 229 115 31 20
238 243 249 238 243 249 238 243 249 51 45
161 62 18 179 141 169 154 94 91 7 14
90 67 104 82 136 207 176 176 117 68 16
70 7 51 132 109 96 205 245 130 213 21
70 88 111 95 158 160 189 235 137 226 25
29 31 44 75 139 163 186 238 166 235 23
56 97 193 158 170 213 213 171 149 57 21
45 48 53 143 68 195 201 222 98 74 16
20 32 171 58 135 201 123 240 136 209 23
97 122 46 87 139 136 231 207 136 59 16
75 106 136 139 194 199 199 227 131 138 25
98 36 129 123 148 173 173 247 136 244 25
107 66 147 111 175 193 68 239 140 204 25
9 10 19 41 150 217 54 155 141 17 12
144 133 15 183 178 69 252 252 174 80 24
17 17 44 91 123 141 168 232 195 40 14
20 129 15 7 160 96 63 223 144 38 13
8 195 127 180 65 238 169 251 114 107 23
32 47 67 85 154 161 176 240 166 133 20
34 67 94 64 154 178 120 231 158 55 16
17 6 33 189 30 80 30 252 147 198 20
119 61 75 82 114 139 141 238 133 151 18
140 5 6 141 136 160 195 251 165 212 25
55 55 93 77 132 132 166 232 117 206 21
104 40 70 152 141 192 196 166 134 52 16
26 169 189 176 216 221 220 128 95 23 23
73 110 112 142 181 208 202 154 120 78 20
63 67 135 5 122 132 47 228 100 207 19
53 77 30 13 110 92 67 249 250 232 21
51 59 35 101 122 110 217 245 251 227 24
35 3 23 110 99 129 210 226 246 117 18
15 224 16 11 231 59 19 251 150 148 26
68 146 150 79 169 146 155 233 160 203 24
30 13 19 157 131 90 142 185 114 43 12
86 77 36 149 201 168 144 226 127 71 21
65 9 107 101 121 144 113 224 116 139 17
27 204 69 83 226 114 206 252 164 112 26
5 23 29 240 249 247 248 249 226 139 39
147 193 201 213 227 237 230 245 219 49 35
75 116 110 131 155 194 190 244 140 152 23
86 109 129 86 175 211 193 234 117 229 27
18 32 86 30 62 139 10 247 103 106 14
141 81 14 161 68 19 214 224 167 204 22
252 221 90 237 174 53 252 254 223 169 37
47 44 110 56 126 148 124 243 133 200 20
25 55 21 73 170 157 146 231 125 131 19
21 13 13 68 116 141 178 210 131 99 14
31 17 12 70 104 141 185 143 104 50 11
68 14 5 109 145 205 233 242 173 92 20
35 9 13 60 101 136 202 238 156 208 20
106 107 220 79 134 143 151 247 159 112 20
27 23 61 33 97 83 112 249 156 220 19
88 28 86 114 132 167 198 238 146 54 16
2 20 20 169 195 194 221 242 234 207 30
138 179 3 91 182 76 232 255 208 231 29
94 192 3 34 154 55 229 254 163 179 23
124 18 98 135 181 138 180 255 158 136 23
69 220 196 237 127 190 22 253 241 47 26
37 35 53 108 49 202 3 251 198 124 18
163 200 195 236 248 244 237 246 212 47 39
18 50 109 19 145 149 15 243 167 171 19
16 98 171 23 195 212 13 249 148 57 20
11 4 5 9 60 52 112 240 216 194 17
22 13 159 2 89 159 40 228 129 119 15
198 132 43 16 122 145 29 228 253 200 24
7 28 2 26 60 16 235 247 173 32 12
88 149 49 4 101 16 19 227 141 70 13
32 185 6 223 239 40 222 238 196 228 36
15 4 5 6 55 27 21 226 142 83 11
229 242 223 78 229 241 21 241 240 135 37
15 1 2 2 64 20 26 227 125 27 9
31 31 30 161 161 161 245 245 244 253 30
7 7 232 22 115 249 24 227 250 157 24
83 94 147 124 166 211 202 232 190 145 25
62 41 37 66 129 171 186 215 125 115 17
58 36 106 99 88 172 214 106 91 4 10
82 139 114 84 168 180 188 173 108 90 18
96 64 78 33 100 99 47 240 227 148 17
180 12 1 226 98 63 254 238 230 171 27
39 151 60 241 253 94 77 253 239 108 33
6 48 11 193 198 54 119 233 154 47 19
6 56 18 189 196 78 152 250 231 249 30
14 70 36 241 190 53 106 250 237 123 27
19 84 43 225 246 145 200 248 183 68 30
12 1 22 2 92 134 13 223 220 184 17
8 14 204 2 91 164 28 213 144 7 11
56 143 177 64 161 230 65 233 131 167 24
60 131 134 80 169 220 182 140 94 40 17
122 141 199 103 236 222 2 230 99 119 29
82 78 152 103 128 173 194 193 130 132 19
59 85 129 56 115 143 192 232 135 116 17
78 163 183 42 172 216 212 243 150 199 28
54 117 128 78 147 148 190 191 115 108 17
64 91 83 124 171 184 172 193 155 43 17
55 90 98 108 154 159 172 171 113 107 17
39 63 63 74 109 110 141 135 85 84 11
96 72 94 115 136 150 193 217 141 113 18
107 90 93 136 119 151 186 94 80 3 11
94 81 82 111 151 152 191 237 156 238 25
24 3 18 6 59 41 43 232 128 248 18
89 88 143 28 109 134 55 196 109 165 17
88 105 148 100 149 166 191 217 129 151 21
83 84 91 104 155 150 189 240 147 181 22
62 69 81 104 161 156 187 239 151 209 24
57 17 171 128 126 162 153 252 209 151 22
16 4 7 4 80 31 29 241 121 31 10
49 59 157 54 142 190 134 227 128 106 18
61 111 124 61 175 196 213 244 129 198 26
78 91 126 73 150 192 220 228 117 127 21
58 120 133 92 177 175 214 243 133 202 26
34 16 48 40 128 128 27 228 127 78 13
46 34 6 97 123 83 190 246 171 234 22
45 99 98 129 195 178 220 243 194 67 22
69 75 95 107 168 179 132 205 129 82 17
11 123 42 54 162 51 160 245 122 212 22
17 117 7 72 188 36 71 238 123 152 20
21 120 2 62 178 42 95 244 148 229 23
21 93 4 82 168 39 97 243 145 203 21
25 5 17 12 68 29 61 236 107 207 17
173 60 50 129 158 234 208 236 239 104 25
83 81 87 195 173 162 213 163 129 18 18
60 156 3 153 214 66 212 249 198 86 25
51 97 8 92 155 60 175 251 179 106 18
39 138 9 88 184 49 163 246 196 178 23
53 162 0 144 217 52 206 245 175 30 22
70 67 73 97 140 133 165 206 118 64 14
13 7 11 36 67 32 161 223 127 118 13
3 13 31 64 78 120 199 144 136 3 8
129 15 240 77 106 99 34 253 228 60 17
50 37 245 55 86 74 45 242 176 6 12
6 11 92 17 124 190 197 252 132 245 24
12 17 137 16 188 248 255 86 89 1 17
8 14 128 21 118 221 250 233 102 115 20
38 26 177 90 117 167 193 242 173 59 17
135 176 206 43 86 76 163 229 156 82 17
134 121 239 44 70 94 139 250 181 188 22
125 141 224 52 86 173 194 141 132 18 13
91 60 232 29 44 108 184 249 137 188 20
88 68 216 40 46 76 179 248 144 167 19
125 103 244 56 63 107 200 251 163 103 19
41 24 244 46 60 238 233 165 133 31 16
10 10 234 9 89 229 45 186 137 48 15
20 37 14 6 108 46 33 244 133 111 13
31 26 28 65 99 92 223 241 163 230 21
58 58 23 12 163 151 16 251 171 114 18
12 40 7 13 143 119 21 244 176 112 16
2 30 22 104 125 131 237 174 126 25 12
14 137 152 3 103 30 57 225 123 212 19
164 218 217 16 123 66 39 235 124 48 17
92 11 229 18 226 252 27 251 161 124 29
90 46 53 30 158 250 216 226 160 163 24
52 46 214 114 95 133 205 238 202 49 16
96 32 12 45 99 164 139 221 164 47 13
23 21 42 131 147 136 136 184 128 6 11
27 13 45 6 63 38 42 247 162 39 10
43 31 30 155 186 231 182 228 248 41 22
99 67 165 181 188 244 227 211 144 76 26
79 107 70 111 181 98 136 243 136 201 23
62 47 51 148 190 120 137 248 114 162 23
62 67 84 215 191 88 169 219 127 54 21
18 124 158 229 237 180 176 245 244 224 38
34 93 94 39 76 210 19 238 149 66 14
62 117 28 33 205 202 77 246 143 77 21
119 170 124 129 192 224 208 133 91 38 20
31 42 42 68 119 97 132 200 117 104 14
31 37 35 88 128 114 151 221 175 184 19
36 44 45 83 127 106 160 230 159 114 16
34 47 49 86 137 120 154 235 174 174 19
29 40 58 81 134 132 147 229 190 209 21
34 45 50 77 130 110 147 233 161 106 16
17 199 14 46 48 223 7 247 137 58 16
14 180 5 44 38 231 2 254 164 225 23
89 112 125 35 124 126 19 190 129 152 16
32 15 108 53 126 160 60 234 196 253 23
92 39 7 228 129 36 251 236 197 18 19
36 50 81 111 178 194 160 225 141 222 25
33 52 71 106 180 184 159 228 123 170 23
30 38 61 85 181 180 106 238 123 214 24
75 131 35 216 145 18 243 250 167 53 21
39 143 153 51 213 221 63 230 154 31 21
51 64 48 98 143 91 124 212 129 114 16
92 136 30 119 206 212 163 222 118 212 28
99 130 162 135 188 217 117 137 106 110 22
48 14 141 108 144 198 145 207 105 153 20
55 25 131 84 104 220 183 132 97 94 15
85 57 137 97 92 151 202 176 118 153 18
16 14 44 23 88 95 111 230 127 123 14
14 13 15 98 125 77 73 231 224 78 14
39 53 68 89 160 159 166 237 146 230 24
61 75 109 177 216 224 225 244 150 70 27
49 77 77 92 175 172 162 235 137 134 21
47 49 79 98 157 179 171 233 166 196 23
40 49 91 114 146 178 163 165 116 50 14
42 60 145 105 156 170 164 220 127 103 19
24 10 109 184 222 205 16 229 147 127 27
20 24 20 104 158 166 190 239 176 74 18
12 28 64 18 185 210 24 253 172 167 23
38 4 24 108 161 130 59 230 116 197 21
75 94 12 65 166 169 171 217 124 183 22
37 90 134 82 143 169 191 184 121 123 18
76 85 135 106 167 191 171 227 149 169 23
83 86 128 118 172 194 136 195 122 128 20
86 133 152 131 173 190 209 191 137 72 20
73 152 181 140 172 143 192 183 104 92 20
37 4 57 104 167 160 82 240 129 234 24
13 3 12 1 70 23 30 232 98 180 15
243 246 249 249 249 250 249 247 243 20 45
14 12 84 188 49 116 54 251 127 141 18
27 100 166 222 244 248 251 251 225 140 39
26 4 138 26 88 169 61 196 118 75 12
49 9 116 19 49 162 34 240 114 220 19
84 11 170 44 88 224 74 239 219 212 23
143 30 206 92 107 248 124 236 194 58 20
138 26 212 95 103 238 131 231 180 31 18
137 28 224 101 104 236 132 231 183 38 19
169 200 36 205 232 110 117 140 87 14 23
49 73 80 139 188 173 157 223 147 34 18
9 22 13 7 98 74 40 242 212 137 16
22 83 186 183 137 159 244 224 153 96 22
22 83 186 198 130 153 253 193 111 27 18
180 169 223 202 155 160 233 216 170 110 28
190 197 227 202 147 158 237 231 160 66 27
69 14 181 48 87 222 81 233 201 140 20
60 12 175 46 89 214 85 232 192 217 22
67 19 212 72 105 231 97 232 229 218 25
82 13 231 87 105 240 95 223 203 139 22
8 52 31 96 189 129 192 248 221 139 23
84 30 34 37 120 157 26 229 239 67 15
64 32 47 75 135 100 78 240 142 213 20
246 242 24 227 224 113 247 247 247 173 41
127 121 211 221 59 248 1 251 140 73 24
10 12 11 44 80 65 154 232 170 221 19
11 25 5 68 106 84 189 238 202 204 20
15 17 17 52 88 75 167 234 183 232 20
57 38 9 127 123 94 232 235 195 55 16
138 42 13 147 109 98 223 241 219 132 20
131 48 10 133 103 87 223 239 199 48 16
132 44 10 144 105 89 226 240 207 60 17
88 31 9 86 76 64 193 237 187 252 22
132 46 10 141 104 91 221 238 217 117 19
141 45 14 144 100 93 222 233 215 83 18
13 219 17 24 94 45 228 220 231 140 20
13 216 14 26 97 54 223 219 247 185 22
92 119 138 135 161 176 195 178 119 60 18
218 244 218 243 210 85 239 246 243 210 43
30 5 7 22 75 29 58 235 114 165 15
25 22 47 82 117 174 220 212 194 14 13
43 42 37 98 148 135 143 241 210 43 16
117 112 13 101 162 132 193 245 188 132 21
77 97 48 150 193 157 183 229 181 97 22
116 123 159 211 176 187 237 147 147 9 20
37 30 17 94 127 88 170 230 155 235 21
97 112 100 127 180 184 179 240 167 202 27
225 237 250 247 253 254 254 254 254 183 52
52 67 111 87 142 162 169 206 126 90 16
43 12 62 6 54 36 27 232 131 119 13
36 4 3 5 52 26 30 235 163 102 16
4 118 133 87 238 250 73 251 254 244 36
255 255 255 255 255 255 255 255 255 231 58
21 4 43 4 70 64 23 234 151 85 12
39 23 36 129 125 161 172 113 93 16 10
46 42 70 82 130 145 156 215 142 192 20
50 65 136 113 164 201 212 239 160 131 23
57 81 137 86 154 189 168 233 173 234 25
6 2 78 6 67 125 138 234 141 245 20
64 157 122 57 185 193 86 162 92 30 15
11 39 183 89 137 216 166 245 250 251 25
86 127 87 96 171 149 137 198 133 72 17
36 137 102 153 197 148 113 115 90 7 15
53 127 135 50 155 186 170 236 163 120 21
10 73 53 79 85 58 215 139 98 11 9
8 71 25 46 121 61 203 253 170 196 21
13 17 141 27 121 223 186 253 159 228 25
36 58 54 62 164 175 163 240 136 233 24
14 26 2 172 26 251 57 243 140 129 20
134 160 239 215 225 253 238 239 219 83 36
46 118 54 191 150 69 255 150 90 8 15
19 4 13 3 59 27 26 227 108 54 10
10 27 15 26 95 74 60 233 246 52 12
145 205 255 242 255 255 255 255 250 98 45
31 42 61 81 100 133 158 116 83 18 8
60 24 14 96 93 71 213 239 169 202 20
38 67 114 88 135 140 124 173 106 117 15
14 1 82 5 94 139 43 232 137 33 11
15 13 17 145 144 149 239 239 244 218 26
15 19 2 6 65 31 51 235 171 132 14
43 194 172 120 182 73 81 249 233 131 24
37 86 7 101 167 50 35 229 179 61 15
36 194 66 15 114 86 183 228 251 163 21
8 27 52 23 155 239 34 219 249 192 23
164 191 163 13 113 145 54 229 227 193 23
14 15 29 1 85 87 23 229 205 110 14
15 21 44 10 103 120 37 232 237 231 20
11 22 20 13 81 73 14 147 111 6 6
65 158 139 128 203 190 222 238 235 181 30
10 124 185 2 100 87 90 231 180 196 20
16 3 173 19 63 228 24 228 111 26 13
120 223 136 2 123 72 73 248 235 250 26
14 14 202 45 145 246 76 246 194 45 19
122 228 147 2 132 87 79 246 242 140 22
10 55 37 13 132 135 46 245 253 93 16
94 225 210 15 175 229 120 250 231 46 24
25 41 141 34 111 132 64 250 247 230 22
7 9 11 1 81 84 33 233 226 112 14
17 124 8 85 130 77 247 240 249 89 19
114 32 221 212 209 251 217 251 212 211 38
40 9 79 65 136 160 23 229 139 207 20
219 21 168 230 182 244 93 215 183 50 28
30 58 14 55 69 188 123 249 122 216 20
38 8 151 56 114 198 142 240 163 222 22
26 59 155 83 120 207 137 119 125 40 12
19 7 23 16 73 54 69 246 161 214 18
132 192 183 173 159 48 212 231 138 81 22
23 6 66 14 61 40 74 238 108 204 17
26 15 28 102 117 93 182 229 162 120 17
38 52 64 66 112 82 156 233 155 180 18
71 113 152 155 172 207 213 137 105 47 19
46 85 83 75 148 134 164 236 150 150 19
39 64 57 55 135 136 145 235 173 208 21
15 9 174 70 120 209 223 234 140 125 21
15 22 30 25 59 57 40 114 86 53 7
52 109 158 89 179 200 171 232 147 170 24
43 93 135 63 157 176 134 214 134 146 20
49 152 99 50 184 175 127 200 113 134 20
35 43 166 64 145 188 126 231 122 160 20
25 27 30 74 104 70 121 178 96 81 11
14 7 78 13 61 93 134 239 141 183 17
10 103 27 9 135 102 88 241 217 228 21
70 89 128 109 171 182 202 239 142 158 23
6 20 16 12 117 109 39 243 222 158 17
60 114 148 118 182 149 192 239 129 154 24
71 60 49 88 121 170 200 139 89 40 12
34 95 55 63 139 83 170 250 188 202 21
33 9 190 68 118 230 234 233 129 115 21
17 25 23 71 136 151 101 170 93 66 12
10 24 12 189 202 212 117 74 56 3 17
33 4 20 13 93 41 45 228 99 69 11
22 12 114 10 84 156 20 172 118 34 9
18 10 17 22 94 77 42 245 249 174 18
181 209 39 191 219 84 221 238 175 70 29
132 162 16 166 58 31 177 242 169 140 20
118 23 105 37 68 77 75 254 250 245 22
191 194 198 227 196 153 248 248 247 176 37
42 1 30 48 105 191 145 233 239 179 21
25 20 22 236 170 103 254 253 251 105 27
32 68 79 30 126 140 136 241 157 94 16
18 5 7 5 66 42 33 238 164 75 12
22 5 18 5 61 50 53 242 182 35 10
139 205 141 206 238 189 206 252 222 46 32
22 201 200 43 192 136 193 248 178 107 24
47 37 47 145 149 173 248 227 197 8 17
6 14 10 4 69 60 98 244 224 133 15
13 58 128 38 141 201 53 223 255 217 24
3 25 70 43 114 160 113 235 253 82 16
6 13 59 17 110 177 77 217 223 32 13
11 17 183 194 185 169 137 249 232 188 29
9 69 97 92 183 226 132 240 254 205 28
2 14 3 7 78 60 39 222 244 174 17
58 154 211 122 203 236 195 244 242 189 33
7 66 30 23 103 82 116 235 229 144 17
41 11 9 71 60 45 199 222 184 46 12
147 193 171 176 231 217 189 252 249 125 35
42 149 77 63 200 159 77 241 223 240 28
73 43 67 177 196 206 150 235 226 196 29
153 107 29 234 189 107 204 233 231 111 28
77 43 16 192 125 55 141 213 234 220 24
191 145 117 241 237 224 240 233 221 26 35
64 86 104 120 196 205 54 176 126 29 17
74 112 157 133 123 94 245 248 209 176 23
87 13 10 148 111 126 226 235 243 245 26
15 13 28 200 114 131 72 241 247 216 25
20 20 18 216 111 165 108 244 217 87 20
16 3 25 195 102 121 69 239 241 237 24
15 34 7 219 109 169 107 251 143 37 18
76 86 116 98 159 176 59 172 143 38 14
52 18 57 21 135 193 153 251 145 237 23
30 56 43 95 73 186 79 197 92 77 12
12 16 4 76 98 85 216 248 248 252 24
27 242 244 43 235 204 46 248 249 60 30
15 120 169 6 121 39 26 241 119 188 19
23 39 78 6 131 138 22 242 126 189 19
13 26 3 57 94 50 210 246 184 231 21
76 131 216 224 213 246 203 121 104 9 26
7 20 10 17 86 79 45 181 175 3 7
58 70 108 125 175 193 205 224 140 122 22
18 22 47 9 99 169 226 237 138 166 20
64 14 97 136 69 17 103 242 146 226 20
147 85 103 151 141 159 178 232 217 154 23
107 160 200 70 136 147 177 229 135 195 23
62 254 160 230 135 17 133 98 93 4 17
105 102 83 202 227 233 229 239 204 137 33
43 23 46 129 101 127 228 152 121 7 11
68 170 127 75 180 109 208 254 164 226 27
6 179 56 76 84 191 17 252 129 213 22
18 13 28 114 159 146 136 226 155 233 23
30 2 30 29 245 118 165 243 250 209 30
15 11 12 84 34 202 153 242 121 225 21
37 203 243 63 126 83 181 245 171 83 20
31 175 146 183 237 206 222 160 125 61 27
44 61 66 106 151 156 183 186 130 44 14
19 66 147 86 172 219 180 245 179 81 21
11 60 13 51 108 41 196 225 133 37 11
138 182 26 154 208 111 218 250 239 205 32
42 163 249 120 225 254 139 234 221 26 28
12 12 6 13 92 70 51 243 211 32 11
96 127 160 105 170 183 187 239 148 242 27
107 155 161 170 226 219 215 246 207 194 35
58 24 91 116 10 212 20 254 79 174 20
70 45 77 108 135 157 145 222 205 124 18
226 74 251 129 254 254 242 254 214 28 36
108 61 20 128 156 175 177 216 165 195 23
41 60 75 71 144 90 152 249 124 219 21
53 87 137 96 178 204 196 250 175 226 28
62 108 210 116 181 229 216 236 162 220 30
29 67 218 133 186 223 210 235 116 110 25
40 129 15 95 143 116 181 105 90 16 11
118 139 22 135 219 166 182 248 169 211 30
16 2 33 7 98 113 42 226 122 70 12
11 14 17 32 112 141 80 232 254 226 21
7 23 4 23 200 253 79 159 131 63 19
124 110 95 87 130 168 242 215 141 90 19
109 171 210 175 195 229 206 137 110 52 24
69 7 38 13 48 34 45 209 88 254 17
81 107 89 150 181 141 174 177 113 137 17
83 77 97 88 154 112 119 236 141 89 16
10 29 10 42 103 69 122 228 156 53 11
20 22 49 79 117 133 204 238 157 205 21
20 2 14 200 99 41 244 186 167 1 13
182 181 179 247 248 248 244 245 243 5 35
6 23 1 12 95 78 66 231 222 91 14
79 107 151 225 166 81 43 231 250 86 23
66 80 103 238 175 99 250 250 251 127 29
24 100 117 15 165 200 133 222 103 229 24
22 7 2 7 60 24 35 232 137 249 18
219 59 101 228 101 42 111 221 170 5 18
1 40 5 29 79 46 109 166 142 2 7
69 42 25 150 134 124 252 252 252 188 25
20 242 59 163 247 228 249 226 249 189 39
106 155 165 133 153 107 225 221 133 180 24
83 52 174 87 119 145 151 246 136 150 20
45 26 64 21 70 142 197 232 166 177 18
107 125 174 122 179 202 220 248 172 237 30
35 82 76 76 153 110 91 205 109 225 20
81 107 162 133 194 221 62 147 122 99 21
75 85 133 105 155 182 185 211 131 151 21
79 147 157 65 155 149 165 235 140 148 21
10 11 10 27 50 42 46 89 67 9 5
9 21 7 3 80 76 46 223 238 240 19
225 102 5 125 108 94 224 249 253 137 24
13 33 13 44 107 104 141 249 254 247 22
229 250 248 246 252 251 244 251 232 63 47
45 28 80 215 233 212 57 242 220 42 27
59 85 94 95 153 144 151 219 119 149 19
22 14 4 45 63 41 145 228 175 114 13
10 13 152 5 118 185 16 234 129 179 19
13 1 13 2 75 59 33 253 198 48 12
100 28 11 54 96 93 133 254 253 230 22
17 15 223 80 245 35 61 224 220 1 21
226 220 99 154 195 149 193 245 236 41 27
146 21 10 106 72 37 125 235 153 10 11
5 222 18 15 236 78 18 248 215 165 28
11 4 38 3 78 50 17 225 104 228 17
39 32 51 194 210 242 228 148 99 42 23
246 225 23 216 148 43 250 254 200 250 37
37 37 0 170 121 25 245 227 156 31 15
68 27 7 111 90 51 228 243 171 122 17
77 46 6 128 84 19 226 237 161 124 17
65 122 25 178 110 26 255 148 139 1 13
20 70 26 77 124 50 216 254 177 208 21
127 116 152 29 165 110 182 105 82 9 12
69 95 143 126 160 166 37 112 100 27 13
2 31 17 29 77 48 201 244 207 203 19
31 5 12 10 67 29 34 219 113 49 9
19 18 182 65 238 250 244 251 198 106 31
11 21 16 25 95 88 82 231 211 207 18
19 9 130 37 105 164 80 239 211 153 18
15 38 16 59 151 211 183 244 252 163 24
28 41 82 10 110 211 205 235 160 30 15
54 131 70 34 182 151 84 242 137 88 18
32 38 117 19 124 122 12 234 117 156 17
12 5 18 6 115 135 44 246 172 195 18
167 215 4 39 94 170 46 248 185 224 24
126 59 9 156 116 69 233 238 197 148 21
119 94 180 206 248 251 72 237 199 92 34
78 101 142 122 172 196 205 216 149 101 21
57 31 91 124 86 148 204 110 107 29 12
18 9 105 16 116 138 53 231 116 218 19
110 11 6 194 79 35 235 217 143 68 13
38 8 65 87 66 95 227 199 158 58 12
35 75 149 77 154 190 175 220 142 105 19
70 13 104 145 156 189 206 245 126 147 23
37 31 61 88 133 152 147 216 170 243 22
35 59 58 133 185 183 161 175 119 57 17
18 33 3 175 174 52 154 241 154 172 23
51 66 97 76 148 157 115 214 155 248 23
83 107 118 150 195 202 215 228 172 112 25
83 115 161 142 194 212 223 243 160 157 28
60 74 89 93 149 144 192 234 134 145 20
60 74 90 99 161 161 178 236 153 239 25
60 81 207 109 158 177 199 244 149 233 27
60 84 204 118 126 168 205 171 124 63 16
10 20 138 48 154 153 132 252 169 42 16
32 24 227 127 200 133 1 250 135 128 24
15 54 79 84 135 160 176 242 254 187 23
19 4 0 5 60 30 34 245 169 133 14
41 21 251 46 119 251 46 227 251 156 25
19 6 112 9 81 140 22 227 178 179 17
4 13 247 18 115 249 20 223 242 101 21
78 100 96 114 86 200 159 251 136 246 24
58 84 104 128 163 183 171 153 114 53 16
9 2 26 153 45 120 0 250 68 131 16
6 6 73 238 101 95 91 221 214 154 22
25 6 34 62 104 97 135 235 149 129 15
17 167 175 101 202 127 40 143 76 59 17
12 11 43 78 176 247 191 238 167 55 21
24 69 123 121 208 212 115 213 138 156 25
16 9 12 11 10 185 100 233 99 123 15
21 9 51 20 204 253 187 254 110 80 24
29 74 164 181 180 212 209 151 127 31 20
84 110 155 140 196 212 116 191 133 105 22
96 126 158 145 187 194 201 229 143 89 23
29 38 30 55 101 102 159 251 254 92 16
26 69 31 91 150 123 154 240 239 62 17
27 74 36 79 157 139 134 245 245 239 25
7 49 37 77 117 107 227 246 251 180 22
141 160 150 30 177 35 167 255 182 142 23
13 8 26 44 101 113 121 240 221 137 17
29 48 38 149 174 170 224 250 245 209 28
62 61 99 122 146 165 176 183 123 82 16
66 78 98 145 143 165 183 126 94 19 13
57 77 95 98 155 152 198 240 139 134 20
55 71 96 115 167 169 200 235 153 221 25
21 3 8 50 62 58 163 228 174 184 17
41 20 3 122 169 86 75 248 188 73 17
122 16 60 35 192 97 231 143 115 34 15
72 74 109 123 160 183 172 188 120 126 19
52 86 103 43 64 53 166 184 139 49 10
56 79 113 96 157 190 177 235 172 91 19
53 97 77 109 202 147 133 238 124 237 27
54 62 82 91 151 173 128 202 126 125 17
136 157 168 179 211 227 198 227 229 72 29
11 4 16 4 65 32 31 232 116 225 17
50 21 12 32 34 28 182 242 182 147 16
41 73 123 10 168 229 14 244 154 64 19
152 194 193 199 122 31 240 238 202 238 31
181 180 42 194 121 45 229 246 208 87 23
170 187 40 194 109 47 229 236 212 97 23
172 214 34 221 154 21 254 190 155 12 22
169 217 22 232 72 27 235 242 140 71 24
219 239 64 243 171 41 251 242 254 198 38
86 21 84 44 60 70 168 238 209 41 12
49 29 62 57 58 80 218 245 241 225 22
192 12 29 95 231 41 194 243 183 47 23
46 126 18 45 121 66 214 249 241 249 24
20 31 31 3 76 36 21 244 160 134 14
226 247 240 59 139 96 238 247 250 93 28
51 56 4 50 110 69 86 238 250 178 18
76 90 17 97 162 123 118 243 250 243 25
39 58 3 37 111 67 72 238 248 251 22
10 20 33 45 163 235 37 225 255 118 21
118 41 20 200 173 55 79 246 178 172 25
99 101 81 151 195 194 229 243 178 233 31
19 8 7 11 34 20 16 114 63 103 9
18 47 106 13 138 152 34 249 235 175 20
113 141 168 197 211 222 134 126 113 19 22
17 2 55 5 101 116 57 237 128 50 11
113 179 216 191 214 244 199 131 103 43 27
114 115 186 164 188 229 211 207 141 162 28
62 141 189 121 197 231 146 159 123 99 23
55 157 207 95 176 242 209 140 92 33 20
137 195 93 159 203 225 245 128 113 57 25
79 45 164 110 127 174 155 178 90 203 20
122 105 138 163 89 243 175 253 190 186 26
14 22 224 23 40 54 73 239 181 98 15
154 67 222 168 215 247 196 248 221 112 33
71 101 55 128 165 97 179 193 99 81 16
54 67 79 101 158 163 185 236 145 134 20
32 5 81 4 52 51 52 239 151 249 18
9 30 38 28 102 113 102 243 252 130 17
37 57 107 101 153 158 168 222 148 196 22
131 181 28 156 245 235 198 184 127 93 30
66 72 53 127 161 176 84 98 85 119 16
21 227 9 41 72 55 104 197 224 223 21
28 7 196 43 76 232 59 246 136 187 22
17 152 105 32 109 232 52 254 115 159 21
35 31 20 89 112 62 186 243 164 242 21
68 78 101 158 187 179 209 243 183 72 23
38 83 70 74 133 105 195 241 175 98 17
89 137 166 166 172 196 201 118 83 7 17
28 20 111 17 2 29 19 15 17 1 4
163 43 11 21 66 47 19 228 181 156 17
19 155 15 10 189 88 21 250 186 40 17
228 49 143 12 69 73 27 252 229 212 23
33 57 67 11 143 222 57 235 241 70 18
3 17 240 46 127 245 84 232 245 174 25
57 64 26 104 101 50 219 245 221 213 22
53 18 230 155 103 158 53 211 152 45 17
14 76 97 26 149 164 90 231 156 228 22
5 87 77 18 149 173 180 220 126 36 15
64 6 48 21 58 28 48 209 86 113 9
13 5 12 2 82 48 53 244 163 150 15
7 38 19 39 104 53 132 226 117 171 16
6 114 22 125 195 107 240 252 214 126 24
54 83 35 10 62 18 141 238 124 174 16
69 69 129 58 86 131 141 166 113 78 12
69 58 122 99 81 104 58 246 126 196 18
41 154 162 86 148 201 227 251 240 112 24
16 136 75 12 157 136 160 246 158 46 16
60 72 147 67 124 198 154 217 197 65 17
8 110 131 3 97 109 115 224 225 255 21
47 38 153 60 96 174 168 218 185 61 15
15 31 121 41 101 192 148 221 242 163 20
189 47 40 98 109 74 38 221 165 101 16
12 2 125 18 67 87 36 229 222 68 12
49 64 102 200 203 227 250 248 251 40 28
17 12 68 110 139 234 254 250 223 155 26
14 8 55 82 139 242 249 244 191 172 25
12 7 67 55 126 240 242 247 189 204 25
27 9 66 123 141 227 248 232 183 39 19
19 12 65 114 148 229 250 245 191 91 22
22 12 14 11 68 72 51 247 231 247 20
24 35 16 20 101 95 60 237 249 215 20
52 33 8 38 165 96 23 251 218 46 15
61 197 97 17 239 235 14 249 252 90 29
12 12 11 112 139 156 221 236 221 128 20
81 3 33 158 103 170 228 220 247 179 23
30 40 118 39 56 77 241 252 231 61 15
115 206 183 118 168 83 38 240 252 192 27
70 35 6 51 144 138 54 255 255 254 24
24 18 127 61 140 186 53 248 253 142 21
19 160 136 2 106 54 32 240 255 252 23
16 108 157 10 100 116 44 222 207 49 13
21 26 238 35 109 251 186 253 194 53 21
32 15 7 47 79 64 125 237 195 44 11
47 28 30 24 152 250 116 246 251 215 27
10 21 218 9 119 231 33 231 155 87 18
11 7 10 13 54 62 151 228 155 118 13
9 15 10 44 84 45 39 217 226 54 11
165 78 11 113 116 111 223 247 247 129 22
182 81 4 110 102 90 231 249 251 67 19
168 78 13 139 138 134 226 249 252 185 26
152 72 20 155 158 158 233 249 249 248 30
148 56 107 226 199 219 242 247 247 95 32
83 36 71 223 202 185 246 251 188 67 28
5 50 16 68 141 107 144 250 224 172 20
68 60 38 150 213 217 96 233 249 78 25
17 5 48 88 107 178 237 240 195 55 16
246 248 66 155 239 231 251 251 251 202 44
89 20 196 154 48 107 235 132 100 13 12
123 18 17 148 66 68 169 126 111 54 11
111 56 25 45 75 121 236 245 139 146 18
221 48 16 150 153 178 238 121 115 0 17
207 51 26 145 160 187 246 150 150 7 18
173 34 23 101 126 143 248 252 179 132 22
159 28 12 84 106 143 249 252 222 211 25
175 30 24 94 121 149 236 251 198 171 23
176 28 15 91 118 149 240 252 193 166 23
166 35 18 105 127 164 230 247 213 193 25
190 52 35 134 157 170 241 253 185 56 22
3 15 2 251 236 72 235 160 122 3 24
8 24 5 235 236 90 254 251 150 101 31
9 18 4 231 228 102 251 251 175 200 34
11 18 6 220 225 98 228 252 181 172 32
3 22 4 247 216 77 249 159 116 1 22
12 4 97 2 76 98 64 233 150 81 13
34 27 22 75 96 82 168 241 236 217 21
8 4 139 12 33 238 7 245 135 173 20
19 14 36 11 113 111 56 241 145 103 14
37 23 25 50 80 86 107 186 180 3 8
13 27 2 62 121 77 163 254 185 46 13
16 4 9 109 135 46 62 247 157 27 12
94 113 104 234 210 171 249 206 149 7 25
193 41 23 214 126 111 224 218 185 139 25
194 40 20 217 132 118 223 220 193 171 27
18 3 8 2 58 41 30 242 183 157 15
10 13 4 113 101 65 254 239 179 6 13
34 32 6 49 97 55 123 248 181 178 17
27 46 35 120 213 241 245 249 248 187 32
12 17 9 49 184 233 225 252 181 209 28
88 147 181 132 189 177 206 246 177 185 28
143 178 227 196 240 170 19 239 170 108 32
33 89 126 84 172 188 167 238 154 167 23
82 33 36 81 115 76 88 232 129 83 13
58 107 206 39 198 251 144 252 206 207 31
38 34 12 142 179 145 176 240 170 152 22
31 24 9 77 129 138 87 223 156 215 20
33 12 17 38 101 164 161 228 170 191 19
27 41 16 70 113 105 181 233 203 109 16
77 62 23 109 159 198 176 220 236 174 23
103 95 132 174 203 210 171 221 158 80 25
31 130 149 182 141 153 115 248 115 182 24
72 152 160 13 172 213 62 206 99 115 20
94 205 214 37 210 242 76 219 115 65 25
18 9 18 15 82 55 56 233 124 192 16
24 6 84 200 91 78 32 246 198 113 19
10 2 71 208 125 76 42 218 252 229 24
59 68 78 145 151 156 252 254 255 234 28
37 42 26 76 121 121 125 215 210 147 17
5 7 8 242 245 248 244 246 248 206 41
49 123 11 66 91 128 214 201 104 90 14
21 14 10 1 76 63 62 246 224 195 18
14 43 64 34 99 120 120 223 216 229 20
40 2 9 3 45 33 25 230 188 239 18
15 10 54 3 84 70 23 242 216 58 12
12 2 2 4 75 35 42 238 146 99 12
15 202 12 20 153 47 80 240 248 123 20
161 96 146 236 211 236 231 243 255 106 35
57 64 90 45 69 71 73 123 80 64 8
27 9 11 52 111 83 94 240 121 210 18
8 3 10 123 15 234 131 248 133 242 24
13 13 5 9 82 59 68 246 201 65 12
11 6 1 13 80 49 53 209 151 12 8
18 2 13 50 116 123 48 229 201 57 13
17 4 9 32 110 110 40 233 204 116 15
5 3 4 3 86 73 47 236 216 209 18
1 12 7 35 56 50 228 246 237 187 20
17 13 27 31 106 213 240 219 201 4 14
2 31 6 54 85 48 238 254 206 7 12
15 76 241 3 132 206 29 247 235 147 23
77 95 27 65 147 202 144 195 111 88 16
26 59 53 18 97 221 169 246 123 154 19
43 63 102 79 164 203 209 228 110 99 20
73 103 20 119 83 63 195 227 143 250 21
200 21 1 222 92 61 242 232 239 178 27
45 51 11 226 212 103 208 243 246 248 34
149 15 0 218 104 59 250 242 248 174 27
213 27 7 230 110 64 245 247 236 90 26
205 5 2 234 212 72 232 248 241 200 36
29 7 5 15 50 14 92 246 127 84 12
19 207 227 235 242 234 254 247 242 150 43
61 24 128 59 48 67 237 253 175 88 16
17 11 18 30 69 91 210 247 174 234 21
97 115 28 48 100 57 77 224 137 124 15
15 167 212 120 244 254 61 158 149 3 25
19 32 38 19 86 66 96 226 162 156 15
51 115 153 122 194 198 166 238 165 91 23
36 59 110 59 115 151 127 217 224 191 20
47 55 101 48 135 38 124 252 115 196 19
26 104 10 68 156 44 181 255 135 170 20
9 12 6 78 155 159 70 221 208 132 18
74 134 217 121 188 243 165 242 249 202 32
48 86 172 65 166 191 106 231 134 50 17
194 168 64 23 211 203 5 236 166 81 25
105 86 158 216 210 242 229 231 200 134 33
15 6 34 223 172 233 201 229 229 111 28
62 134 152 104 172 194 220 247 220 199 28
21 80 124 72 161 184 106 233 213 202 23
55 148 183 150 200 211 200 231 209 191 31
241 248 58 235 246 102 251 251 192 19 36
8 7 174 29 250 39 255 131 112 3 19
121 131 186 149 190 219 220 239 164 119 27
78 109 17 166 90 106 74 254 134 103 17
177 156 57 217 234 177 175 230 210 111 33
41 134 141 94 195 187 198 239 150 228 28
91 84 148 43 100 196 231 211 123 117 18
146 7 15 27 31 74 199 244 196 188 19
107 129 1 104 186 98 183 246 129 168 23
111 84 0 198 199 101 203 241 191 56 23
72 69 93 149 153 184 158 113 97 39 14
16 4 14 2 67 28 29 228 100 98 12
5 39 18 251 235 130 253 254 192 150 35
116 112 188 146 154 73 203 253 127 255 28
25 172 97 25 224 232 222 254 148 142 30
20 41 29 147 111 64 210 233 127 218 21
