16 4 23 2 75 41 26 231 118 68 6
124 208 219 186 230 241 227 245 245 14 31
21 4 11 146 51 191 232 253 178 152 27
81 156 183 165 201 224 187 140 103 10 21
123 149 15 161 199 54 67 239 216 239 44
116 45 80 176 109 33 25 239 230 38 17
5 1 73 2 68 46 22 245 200 179 31
11 126 131 61 37 85 23 218 63 43 13
18 1 21 3 60 31 47 232 115 107 20
2 47 4 1 89 42 26 230 225 179 32
6 2 93 7 77 95 47 238 245 134 28
46 46 27 159 125 57 201 237 243 74 22
29 53 10 189 180 84 218 246 240 248 51
6 127 1 27 174 49 43 250 181 98 25
202 221 228 229 242 243 250 253 253 184 60
86 112 25 139 170 54 218 248 135 47 18
206 225 211 207 245 178 27 240 187 39 34
16 6 127 9 93 172 51 235 139 66 20
14 2 3 12 79 75 49 237 210 131 25
49 127 12 86 167 82 195 245 246 183 37
48 58 28 86 143 88 151 235 144 89 21
39 44 75 74 124 143 146 225 173 89 22
39 28 4 39 82 36 107 232 152 181 29
185 18 1 86 47 44 214 245 207 42 16
22 3 4 1 85 82 29 241 233 103 24
7 13 1 38 110 107 90 243 252 90 24
4 26 4 30 106 104 98 233 247 149 30
9 29 7 39 101 85 105 226 232 142 28
13 31 25 77 135 157 183 242 249 78 25
32 32 33 89 121 125 183 238 229 13 15
42 22 170 71 65 254 35 254 175 22 22
2 23 8 27 81 71 160 251 252 157 31
21 221 203 35 244 241 35 248 246 220 59
32 8 3 6 74 26 46 236 139 109 21
24 30 91 25 136 207 27 230 254 64 26
245 244 21 238 244 119 250 251 242 168 50
10 10 8 8 82 59 48 245 250 192 34
11 19 19 11 66 59 98 235 217 22 12
50 1 10 1 45 37 29 236 194 148 26
9 73 52 40 110 123 235 255 249 83 25
93 124 57 80 115 40 213 253 186 155 30
49 10 36 156 93 36 196 223 170 73 18
68 108 131 105 183 196 187 240 179 215 45
101 127 185 171 217 233 193 240 188 137 43
42 104 5 86 165 50 15 237 236 247 42
2 45 11 59 105 60 147 237 240 229 38
46 112 1 93 177 42 11 235 217 206 38
36 48 31 27 120 140 107 243 234 195 37
7 14 10 3 68 60 77 225 204 196 32
37 190 236 207 239 238 245 245 220 28 37
29 98 159 150 182 69 55 244 208 194 33
13 23 17 20 82 80 113 238 236 246 40
17 6 7 5 76 49 37 234 156 230 34
22 132 153 43 200 207 63 216 125 40 23
102 148 110 80 198 240 176 245 237 125 41
51 11 3 3 58 22 41 239 168 70 17
28 2 3 3 60 18 23 233 133 46 13
20 19 15 28 111 115 55 222 244 243 41
14 4 12 2 71 38 38 248 177 194 31
75 82 24 116 162 106 170 231 169 197 35
17 3 19 26 150 195 88 251 159 147 33
54 108 52 46 109 65 187 253 243 239 41
136 163 189 158 205 223 194 232 243 208 52
227 232 240 234 238 244 240 242 245 61 46
19 7 22 102 81 55 37 230 238 251 40
68 72 86 93 96 107 140 224 169 166 30
28 37 2 20 102 70 55 225 214 178 31
135 236 1 158 195 17 225 187 92 14 17
198 198 192 220 220 216 237 239 240 12 32
46 67 71 78 162 154 121 225 128 227 39
15 14 11 34 108 85 42 240 245 197 35
19 58 166 71 199 244 105 246 245 189 48
66 121 105 99 183 173 196 244 181 113 31
23 6 22 44 87 113 122 227 244 251 41
70 90 101 145 189 189 208 219 130 21 19
41 57 59 60 137 145 142 241 182 231 40
12 79 86 11 133 113 41 229 166 169 31
241 34 39 68 167 115 52 254 237 160 35
19 4 17 2 76 77 34 233 210 141 26
36 4 15 16 45 24 103 249 168 48 14
1 8 4 0 79 87 58 229 235 212 35
45 57 73 94 151 143 166 238 165 72 22
13 13 22 16 79 66 82 228 174 61 16
17 33 37 19 101 123 64 223 244 219 38
28 6 33 13 52 36 85 236 113 129 22
32 36 13 89 134 111 140 241 241 234 39
224 50 2 247 158 93 247 249 246 14 20
22 75 31 8 129 90 13 232 152 159 31
9 4 39 4 98 192 32 212 250 189 36
56 109 107 124 179 181 173 231 237 221 49
111 96 13 71 126 52 93 227 143 7 9
33 5 13 46 116 149 99 236 198 237 43
226 61 9 240 168 67 137 212 126 3 12
72 40 121 101 141 179 185 248 165 100 28
153 19 69 52 113 193 68 243 248 199 44
34 36 36 62 140 167 83 233 254 120 31
152 157 141 253 254 252 246 254 253 85 47
25 50 12 4 73 42 77 231 203 51 15
6 35 58 57 154 145 225 252 249 173 37
11 39 11 60 147 149 79 233 254 125 32
14 23 5 43 95 56 120 248 215 167 33
19 42 19 22 117 95 70 247 246 185 37
42 22 53 139 142 168 205 234 242 183 41
12 29 11 90 142 94 100 231 232 177 35
71 91 50 13 110 100 42 237 248 221 41
6 16 14 57 94 98 207 240 244 51 19
16 24 22 73 78 74 251 252 253 22 15
24 57 20 35 132 110 58 243 243 162 35
27 2 34 72 128 90 50 241 185 15 11
26 34 22 19 112 190 195 245 231 13 16
15 98 225 177 153 138 229 246 250 80 30
29 130 103 52 163 146 132 248 245 132 34
7 112 85 115 242 242 118 250 254 228 60
19 49 91 31 161 203 14 236 250 172 42
12 55 41 73 155 176 144 237 249 109 31
160 176 69 203 245 220 101 237 236 77 39
22 204 4 39 229 47 34 248 171 71 27
15 49 91 37 139 193 202 244 153 202 42
51 19 206 124 130 241 190 234 228 14 23
84 126 117 158 197 180 225 253 237 52 28
68 99 139 108 194 217 139 233 166 213 49
33 51 59 115 179 151 139 232 155 142 33
102 148 93 34 196 214 87 253 167 92 33
31 34 14 52 90 64 102 230 182 213 37
44 50 44 24 138 112 56 240 119 241 42
57 65 62 85 142 143 130 221 139 75 20
16 65 151 124 191 242 149 226 232 160 45
24 39 54 27 107 203 219 239 236 187 42
8 2 5 7 66 45 28 217 211 78 18
59 230 163 167 241 220 247 230 251 55 39
56 34 32 84 153 188 160 241 198 136 34
59 59 71 104 149 148 151 226 192 246 46
11 43 104 32 149 155 60 242 214 151 34
13 50 33 26 137 104 72 244 171 72 20
71 107 160 89 159 181 188 233 147 66 24
25 25 52 57 106 120 133 225 187 170 33
11 26 105 5 115 138 21 237 168 251 44
81 102 121 118 177 159 174 243 178 226 47
14 13 25 49 106 107 88 219 180 215 38
14 13 8 36 72 51 129 233 234 44 15
23 24 19 52 118 106 106 241 210 221 41
68 16 129 146 113 196 212 208 243 37 21
85 108 113 185 218 240 227 245 248 139 47
46 75 110 89 145 133 174 231 141 75 22
22 85 150 39 50 180 182 246 130 71 22
49 74 105 87 156 155 191 239 134 78 23
12 14 74 63 81 74 197 230 135 24 10
64 9 105 135 50 209 154 208 116 13 13
89 83 135 34 226 241 4 253 248 253 61
58 82 101 50 100 109 14 63 58 6 5
67 59 94 77 123 146 128 183 114 67 17
49 45 53 64 158 144 39 233 125 91 23
40 47 53 54 108 104 159 234 136 165 31
65 76 120 58 104 134 176 236 161 206 39
85 21 170 195 125 82 215 251 231 183 39
9 2 29 10 116 229 75 230 249 205 46
22 91 86 8 77 47 123 239 208 200 37
15 4 2 5 69 35 58 242 158 221 37
16 15 100 8 24 172 9 252 107 79 21
14 7 102 9 104 159 88 244 129 178 35
80 111 136 140 209 215 189 241 148 77 31
106 181 19 158 226 231 212 113 108 3 21
79 120 163 136 214 226 196 240 153 98 37
31 65 91 38 115 111 146 232 123 195 35
21 82 76 31 150 145 66 237 203 135 31
45 36 145 7 82 126 57 236 129 9 9
64 83 128 77 148 166 170 231 149 180 38
54 78 105 90 168 170 135 210 108 96 25
95 122 139 157 206 223 204 239 249 204 53
17 46 43 38 98 69 37 238 254 246 44
62 6 26 4 67 118 21 201 96 39 11
26 6 11 143 77 39 240 236 177 26 12
47 85 11 109 148 74 178 252 243 53 19
12 3 4 2 61 57 32 239 213 227 40
64 119 172 56 170 212 38 232 254 243 54
62 7 97 107 122 138 138 244 158 124 23
66 113 154 130 195 213 226 249 178 37 26
38 46 42 42 114 99 86 228 188 240 42
29 31 23 35 78 67 135 229 207 185 34
2 13 4 146 87 211 26 247 215 17 17
108 23 34 165 146 139 220 246 132 55 20
88 30 36 140 123 118 210 235 170 144 32
131 191 210 173 236 250 113 239 198 130 49
29 22 42 49 138 108 73 249 147 184 35
89 21 61 83 119 144 112 242 184 71 21
19 5 4 70 95 235 12 251 157 62 24
44 30 7 10 123 70 13 243 121 232 39
15 6 3 4 60 19 35 231 137 192 32
6 11 231 28 110 83 8 246 215 107 27
46 49 68 75 129 138 163 225 138 44 16
89 110 16 140 158 57 210 247 169 186 38
4 32 3 19 100 59 51 236 240 61 18
106 122 167 136 194 213 205 247 173 96 35
17 6 113 5 72 131 28 231 185 132 27
111 161 164 59 93 8 14 242 168 29 14
74 138 151 145 205 216 203 247 242 251 59
12 8 65 24 93 167 120 231 236 211 41
132 150 161 30 147 130 60 248 123 38 17
55 26 66 19 130 194 46 241 194 207 42
16 12 64 9 113 172 11 234 230 11 14
21 49 23 49 189 181 27 252 251 238 51
30 60 23 45 127 87 59 242 244 77 22
119 213 155 145 229 182 191 243 234 77 37
15 14 11 22 75 77 106 218 238 249 43
19 208 206 19 232 229 17 247 243 226 60
35 2 45 221 187 222 252 229 252 164 46
41 72 11 78 139 75 103 239 244 97 26
8 37 3 41 120 74 52 237 242 38 16
17 37 18 37 131 95 34 245 244 53 19
20 33 34 217 214 177 209 241 249 172 46
148 181 182 174 219 223 198 245 244 110 24
43 69 115 95 154 169 128 236 207 228 46
44 55 93 50 138 95 33 244 151 166 33
33 12 15 23 81 50 72 247 198 237 41
78 61 5 14 74 61 101 239 252 181 36
8 4 51 49 107 120 116 217 146 77 19
16 7 22 28 108 73 76 238 118 40 13
8 46 8 40 126 81 61 237 245 115 27
9 11 3 1 67 73 46 229 241 214 39
14 10 10 8 78 57 42 243 251 193 37
22 9 102 4 35 28 37 214 63 90 17
30 11 35 93 102 91 204 235 171 212 38
21 2 25 3 59 27 54 235 109 231 37
90 139 184 64 116 111 181 245 184 65 22
18 17 0 58 84 40 139 234 234 115 26
26 38 56 52 103 105 123 221 177 235 41
38 44 65 74 128 139 144 213 132 75 19
11 10 73 10 83 68 24 251 241 145 31
19 2 1 2 46 24 37 242 177 151 28
7 25 40 44 126 133 70 223 206 207 39
63 87 21 66 117 77 140 231 233 83 23
193 192 192 238 237 237 251 251 251 35 39
4 24 12 33 123 173 173 239 249 177 40
14 4 0 4 64 28 30 239 156 40 12
5 4 66 13 107 115 30 237 144 91 21
56 94 143 244 222 179 251 249 246 149 46
65 105 97 48 134 115 127 231 126 35 14
124 151 163 226 239 240 234 236 235 247 65
9 2 5 3 66 50 26 232 206 229 39
53 79 28 60 113 85 165 248 244 118 28
14 11 12 10 76 50 40 241 238 196 37
35 58 81 63 138 150 167 244 180 242 45
17 3 16 27 92 69 87 240 152 119 24
12 35 10 29 72 61 179 244 250 193 37
52 82 43 84 147 108 137 231 191 164 34
51 191 226 77 210 239 155 253 252 155 52
20 10 30 24 96 77 54 248 205 214 38
26 59 12 17 142 154 98 241 177 61 20
16 25 27 18 72 53 106 228 168 203 35
31 39 80 118 119 98 125 221 236 255 46
37 38 16 35 135 82 48 255 172 139 29
20 1 31 37 101 162 60 215 250 215 42
19 2 4 4 68 28 41 237 145 73 17
63 81 29 187 184 104 199 243 224 145 35
79 33 13 161 134 77 238 244 156 71 21
9 21 8 26 111 74 21 233 235 175 34
13 56 37 57 107 68 190 249 230 118 28
57 59 10 163 152 85 242 247 238 197 42
60 8 3 45 69 19 109 237 122 69 16
10 9 16 62 89 69 60 229 255 136 30
133 73 9 229 168 86 253 242 171 7 15
5 9 15 107 150 166 181 233 246 112 31
23 28 25 40 117 137 66 231 254 203 40
9 12 14 63 107 126 151 233 243 40 17
54 58 30 157 161 128 236 254 248 66 26
12 25 27 130 162 166 203 243 248 152 38
10 16 10 120 128 121 236 247 249 67 23
198 34 6 238 130 111 247 233 245 151 37
8 15 7 36 80 59 93 217 238 147 30
8 10 24 52 110 138 168 237 203 46 17
116 149 159 220 242 242 235 248 251 134 51
29 5 3 26 92 40 73 239 140 147 27
11 56 8 21 127 64 28 228 177 115 25
33 37 33 77 96 107 86 211 182 225 39
11 18 8 23 103 76 32 233 236 80 21
16 21 20 30 109 88 36 238 248 139 30
16 30 38 43 112 116 99 239 214 226 42
13 5 41 3 92 106 61 239 152 8 8
13 197 237 16 239 251 26 240 177 29 34
8 15 25 66 120 129 149 235 237 69 22
20 5 17 6 54 25 26 233 120 92 19
27 10 42 17 76 165 100 229 248 178 38
21 8 19 13 99 77 24 233 109 123 23
7 7 6 5 74 55 30 238 251 161 32
57 33 66 110 132 176 150 223 244 131 33
22 24 54 61 96 115 160 233 225 250 45
62 19 14 79 145 99 52 236 144 154 30
17 2 36 12 52 58 69 234 178 147 27
56 97 14 98 187 138 175 246 169 138 34
35 12 14 82 76 68 202 227 202 48 15
30 3 38 37 70 127 105 216 236 223 41
24 23 8 82 95 67 142 146 108 7 5
164 121 9 180 167 72 204 236 170 49 20
8 7 23 14 132 142 44 247 165 146 31
16 16 10 38 143 129 36 237 152 27 13
25 19 51 45 76 99 165 244 248 231 43
13 6 21 186 34 9 3 253 141 23 11
30 54 90 59 130 156 159 234 178 107 27
60 119 143 137 204 221 182 238 229 204 51
27 16 63 13 72 26 93 247 131 98 20
15 2 4 4 52 26 27 249 181 167 31
41 136 111 99 211 202 151 215 151 19 21
45 59 83 101 148 161 190 220 137 33 16
5 8 1 64 187 252 152 245 247 110 40
26 38 41 88 95 64 166 242 250 57 19
231 248 246 197 234 240 195 236 246 52 44
9 7 7 2 69 48 25 229 240 216 39
11 3 7 27 75 22 7 235 190 161 30
22 66 22 13 70 45 154 245 237 193 36
51 73 100 18 113 192 202 249 198 60 23
51 80 106 102 169 172 142 226 167 143 34
186 234 247 235 249 251 248 251 234 30 43
107 201 113 23 165 53 17 253 191 59 22
184 209 233 234 241 242 244 244 244 217 66
73 3 56 23 232 209 73 242 234 121 39
13 124 74 60 181 111 54 236 230 118 31
30 32 27 79 220 248 216 250 249 204 55
16 30 3 5 104 25 25 244 114 178 32
55 16 10 212 138 77 245 240 200 17 14
59 85 119 88 161 177 179 243 165 158 36
21 31 17 36 109 103 83 241 253 204 40
84 132 157 144 205 211 183 231 200 165 44
60 121 146 14 71 33 151 237 155 112 24
51 55 46 74 124 100 124 215 123 151 29
23 18 35 43 108 73 110 236 121 85 19
26 82 90 23 146 166 114 231 130 49 19
49 64 94 83 155 168 154 231 147 74 23
63 84 105 77 145 152 150 231 139 192 38
28 6 132 42 117 185 102 237 154 167 36
36 4 7 33 64 25 71 237 148 150 27
67 130 37 27 99 41 180 248 166 10 10
10 14 11 208 223 44 23 240 112 31 18
12 10 55 171 150 190 205 143 146 2 12
33 11 166 27 107 182 117 229 115 63 20
28 121 17 16 147 61 69 251 208 245 45
16 12 68 2 68 77 58 243 216 221 40
6 15 10 2 75 92 70 231 254 188 37
31 116 92 45 132 164 98 226 231 242 47
9 44 10 41 108 100 133 229 240 138 30
10 5 8 3 59 49 25 246 206 153 29
65 16 217 79 110 69 31 253 208 234 44
22 174 228 36 193 244 132 246 226 58 35
68 17 49 22 76 53 81 248 140 149 28
19 11 214 178 103 164 18 243 249 235 49
108 130 120 151 176 172 221 242 248 253 54
102 21 8 225 227 247 217 244 250 237 61
118 139 156 107 195 222 81 232 226 96 36
37 3 18 19 74 31 61 247 155 110 22
107 2 17 84 78 39 29 243 240 89 23
13 3 49 5 104 198 48 224 255 130 33
63 166 136 76 160 130 124 247 246 79 28
39 52 58 64 110 78 162 243 194 203 38
38 46 197 67 124 158 141 240 154 73 23
18 3 58 3 66 46 20 227 109 77 17
61 86 117 72 144 149 158 227 128 109 27
51 82 98 76 165 164 131 232 129 154 34
81 88 104 189 179 170 239 235 231 126 37
16 42 73 84 156 160 157 232 166 93 26
11 1 21 178 64 18 233 249 222 227 42
16 3 9 4 53 26 30 234 130 192 32
141 167 192 164 208 225 199 232 247 211 56
14 12 12 11 77 56 35 242 244 252 44
34 105 25 70 128 78 230 250 247 153 35
56 17 16 110 133 136 152 220 165 122 27
43 16 47 67 71 80 139 170 114 20 7
21 4 46 66 130 125 78 236 130 124 27
9 86 2 37 145 68 79 251 248 114 28
93 132 159 219 241 245 245 247 247 201 59
15 21 38 32 83 102 107 232 232 37 15
11 10 10 24 94 70 57 247 246 78 21
137 25 30 179 92 47 24 233 254 162 35
153 38 65 127 133 87 46 254 254 223 44
11 10 8 16 90 66 46 243 248 143 30
9 20 5 69 154 159 60 232 247 81 26
4 78 0 24 32 241 58 252 136 71 26
27 19 45 66 109 131 128 226 236 234 43
26 51 77 53 117 131 122 238 233 216 42
14 124 5 120 24 89 28 241 143 99 22
15 142 16 56 203 97 133 249 196 83 27
69 106 131 146 196 207 219 249 172 22 23
10 8 20 67 108 115 139 236 228 237 43
59 92 118 82 159 157 130 232 178 160 36
44 7 7 146 66 9 126 230 189 149 29
7 8 5 11 17 213 1 250 85 96 25
90 104 228 211 191 238 238 202 180 6 25
16 1 26 3 60 31 20 235 132 147 26
10 2 10 23 55 43 115 229 210 199 36
50 63 64 156 209 178 151 234 159 75 27
11 6 18 15 90 58 63 224 132 178 31
15 26 12 8 88 82 54 232 245 125 28
7 16 8 10 42 190 11 254 203 195 40
34 18 100 6 85 119 58 248 243 43 18
21 64 13 48 111 75 149 244 239 144 31
168 70 247 252 205 254 222 253 250 105 48
7 31 30 6 96 108 52 222 233 242 43
20 65 6 4 100 70 37 234 246 191 37
11 26 60 1 86 58 29 246 178 27 11
25 32 16 27 96 87 84 239 249 238 44
236 236 236 236 236 236 236 236 236 43 42
53 141 118 211 241 240 236 242 230 203 58
16 13 11 16 88 66 33 235 243 91 23
8 38 1 83 149 100 82 237 246 48 19
3 34 5 20 104 68 56 242 248 94 24
16 30 55 30 116 150 116 233 182 153 32
15 54 131 109 132 72 174 244 171 239 43
17 31 15 15 113 91 55 250 244 149 32
3 2 16 2 95 99 21 232 183 26 12
80 7 66 11 103 183 19 232 144 91 24
70 103 115 18 74 67 113 232 198 191 35
114 162 77 31 143 135 65 166 141 1 9
26 43 65 78 136 171 203 231 205 134 33
14 47 84 125 136 56 211 243 129 72 19
36 63 164 22 142 215 193 254 191 189 45
55 42 74 84 161 127 78 242 119 91 23
53 4 65 42 86 99 134 241 119 72 18
149 1 10 97 76 60 35 237 255 111 26
64 143 222 236 253 254 253 253 249 206 64
32 29 1 38 90 47 86 216 137 73 17
13 2 26 18 82 61 66 238 149 7 7
193 226 209 99 187 96 211 248 172 27 23
9 5 12 7 91 71 36 241 161 106 22
12 3 16 3 50 26 30 243 160 146 27
10 9 27 30 123 176 53 226 254 187 40
49 151 43 38 221 203 54 243 220 116 38
61 91 127 118 152 176 193 191 129 17 14
8 2 86 124 143 229 194 230 252 146 41
39 41 54 23 133 124 13 236 159 98 23
9 7 2 113 97 48 144 226 244 202 38
0 9 1 21 71 44 91 232 234 192 35
19 17 34 36 101 122 80 219 223 224 41
28 8 2 8 61 39 25 223 153 91 19
16 2 5 2 45 85 152 188 102 19 7
47 26 135 44 110 143 48 238 196 29 15
138 110 23 171 146 59 153 234 245 162 36
60 17 9 182 124 47 225 236 149 68 19
51 7 87 83 163 193 61 235 123 92 27
18 4 9 5 45 9 17 226 100 68 15
18 76 177 66 163 44 5 248 126 26 14
134 208 151 61 133 72 113 230 168 47 19
11 2 35 8 59 59 76 235 158 16 9
23 38 15 45 123 111 79 242 249 90 25
76 184 94 23 192 186 65 249 225 246 54
20 10 10 10 83 85 43 244 247 214 40
21 6 33 35 109 217 201 234 222 52 24
16 16 16 10 90 79 34 242 253 237 43
9 5 3 116 101 52 134 224 245 135 29
17 35 13 41 134 100 32 235 228 92 24
13 73 49 53 111 91 224 248 246 106 28
212 45 248 63 102 78 150 251 240 88 28
56 63 85 95 136 109 161 238 173 182 36
24 21 65 84 130 155 139 211 166 154 32
124 180 127 253 253 246 244 228 214 0 32
16 0 11 1 52 38 37 245 191 186 34
75 214 32 21 149 33 94 243 210 184 40
131 224 42 59 177 51 144 244 175 47 21
114 207 57 55 155 33 119 251 157 54 20
60 179 125 49 137 42 68 239 216 245 46
175 228 227 185 188 108 203 232 220 66 31
144 186 43 216 235 97 251 252 204 13 23
38 38 33 55 122 183 226 227 175 31 17
50 84 107 102 162 163 198 242 146 24 16
7 6 9 16 85 93 77 227 224 243 43
33 64 96 15 123 170 48 223 212 124 30
18 5 5 7 70 78 17 223 182 161 30
1 60 60 101 171 172 172 242 243 119 34
25 72 74 8 83 55 79 213 137 84 18
10 29 103 41 117 182 115 225 236 190 40
100 96 87 99 163 172 186 244 158 70 25
46 73 80 70 125 76 130 231 136 113 24
101 125 95 125 176 133 180 230 169 37 18
42 6 8 89 59 49 204 217 244 211 39
45 86 117 70 139 161 197 243 184 137 32
92 221 52 38 169 65 92 240 231 219 46
128 189 53 34 122 60 112 241 168 59 19
68 99 120 75 137 158 107 211 178 67 21
22 31 41 53 120 124 114 232 186 227 41
9 88 60 96 199 188 119 181 114 17 16
13 7 21 6 62 39 28 232 130 209 34
13 11 136 6 63 77 48 244 200 150 30
12 11 105 6 64 64 43 247 210 234 41
14 14 121 6 61 71 39 243 215 181 35
15 21 152 11 65 88 63 242 179 62 17
31 45 208 38 92 126 73 225 144 6 10
16 27 171 9 75 99 68 238 146 34 13
13 9 111 6 59 69 33 246 206 219 39
20 25 173 13 62 101 62 236 184 51 16
27 34 186 25 91 142 64 237 192 32 15
14 16 129 6 57 71 57 247 178 112 24
15 12 127 8 66 73 48 246 198 151 30
36 42 191 38 96 133 74 241 167 18 13
13 9 112 5 53 71 45 242 190 187 35
13 11 100 6 57 64 40 244 216 233 41
17 13 151 11 56 93 60 240 189 94 22
13 13 151 7 56 77 47 238 193 97 23
13 9 118 5 54 68 35 243 204 196 35
15 13 142 14 74 96 47 245 206 118 27
14 9 134 7 55 76 40 240 198 138 28
13 11 137 7 55 70 35 247 227 186 35
12 9 109 5 58 64 39 247 204 216 39
14 10 135 8 64 79 42 237 187 127 26
15 11 150 8 58 81 46 237 192 128 27
15 11 156 9 53 81 52 237 195 101 23
19 21 167 15 66 103 64 236 183 46 16
15 11 128 8 60 63 39 241 184 119 25
19 29 184 19 64 98 72 237 176 41 15
12 10 94 5 62 59 39 248 213 238 42
13 10 108 6 56 62 36 247 202 215 38
14 14 162 15 66 100 51 240 203 87 22
16 21 173 17 65 99 52 235 189 55 17
18 27 182 18 62 96 71 235 175 34 13
14 11 162 8 56 86 52 239 196 91 22
13 10 106 6 59 62 38 247 205 229 40
13 11 86 6 58 54 36 244 208 238 41
15 11 156 12 52 80 54 239 191 82 20
13 9 103 6 60 64 39 247 204 226 39
20 16 158 13 65 106 59 232 170 52 16
13 12 127 7 62 62 40 235 169 99 22
16 20 171 16 64 95 52 232 184 39 14
16 20 174 18 67 100 49 237 195 62 18
6 9 14 22 59 60 185 238 235 136 29
105 86 17 14 101 77 45 243 249 144 31
10 6 19 5 62 30 26 230 107 153 27
9 4 10 4 65 28 24 229 115 199 33
56 95 159 75 168 209 143 235 173 153 39
83 122 157 137 207 214 190 235 133 61 29
44 78 99 86 181 177 137 228 119 159 36
71 76 149 134 190 220 196 241 142 87 32
15 9 32 10 74 54 42 235 110 112 21
18 30 75 72 115 157 144 212 206 44 17
81 125 162 139 218 226 167 228 129 56 29
18 99 166 117 214 214 196 241 134 104 36
53 3 19 69 97 106 135 233 112 219 37
25 40 50 67 119 124 127 226 179 23 13
18 13 29 17 84 103 81 235 228 182 35
155 223 15 223 228 70 246 247 232 232 55
227 239 3 241 242 32 250 254 154 15 26
78 170 13 154 203 43 202 245 196 239 49
16 72 185 11 83 44 46 248 174 67 19
13 29 148 5 49 29 45 252 212 235 41
15 57 175 8 65 40 43 249 213 133 29
19 79 190 17 86 45 51 244 163 37 14
19 83 210 10 80 50 58 248 187 57 18
13 38 145 6 56 30 44 250 203 195 36
13 36 170 10 71 47 18 243 223 194 37
13 32 143 6 58 33 35 249 212 233 41
14 34 147 6 55 24 37 249 187 168 32
14 2 4 12 77 57 27 235 228 146 30
3 48 58 80 136 147 199 245 246 200 42
17 9 29 13 63 56 49 231 139 82 18
17 38 55 73 144 170 136 211 228 167 37
15 2 19 55 60 65 175 221 181 90 20
10 64 37 3 153 168 7 235 192 225 43
16 10 107 78 160 180 99 250 148 190 40
14 7 15 7 62 56 41 253 213 215 38
31 26 39 22 98 80 61 254 200 34 14
14 7 12 7 67 62 41 243 224 203 37
16 10 28 10 79 65 46 246 186 70 18
16 7 21 7 68 63 37 249 211 191 35
15 10 22 8 75 53 47 252 186 85 20
19 15 24 10 87 60 49 251 174 47 14
21 20 35 23 104 83 60 253 196 39 14
12 6 15 4 57 48 40 252 207 229 40
15 9 24 7 65 59 44 253 210 126 27
14 6 18 6 70 60 37 251 210 248 43
18 12 19 11 76 52 46 250 174 61 16
16 11 21 9 80 56 44 247 176 62 16
14 9 19 7 76 52 46 252 188 108 23
10 12 9 6 83 54 33 239 225 215 39
14 7 21 7 58 55 34 252 212 236 41
30 30 51 30 110 92 72 253 187 28 13
33 39 42 31 106 89 73 246 191 21 12
16 6 20 6 62 54 42 252 213 252 43
17 13 28 11 87 62 51 247 163 53 15
33 25 43 26 95 73 59 234 160 7 8
16 8 19 7 76 53 47 248 174 107 22
21 13 19 10 83 53 46 248 168 39 13
14 57 60 1 84 57 53 232 215 247 43
8 7 35 18 52 101 164 240 239 230 41
5 75 63 4 23 243 8 253 150 233 48
13 12 98 6 48 38 37 252 232 243 43
14 25 126 9 66 46 47 252 213 130 28
33 47 187 41 82 72 75 241 164 15 10
14 10 120 7 61 62 46 246 195 156 31
15 18 162 17 56 54 60 246 196 79 20
13 18 144 7 54 46 47 251 210 112 25
13 12 110 8 59 50 37 249 235 216 40
13 12 108 8 61 45 38 252 227 198 37
16 39 193 38 103 61 41 246 183 22 13
15 23 163 14 57 62 56 238 170 35 13
6 7 38 12 43 63 149 234 212 138 27
7 3 17 22 52 86 133 190 125 45 11
8 4 11 4 62 29 20 230 116 216 36
11 1 7 18 81 55 47 239 219 30 13
13 15 11 28 86 37 50 233 198 8 8
50 132 133 119 188 113 187 224 120 30 17
26 10 94 38 77 86 131 238 149 21 10
40 207 16 40 89 72 83 222 190 23 13
61 181 89 193 227 201 228 198 199 1 22
6 4 113 4 32 182 56 251 132 247 45
10 35 57 52 118 118 123 227 190 241 42
31 82 14 8 89 48 124 239 230 148 31
115 57 15 230 177 129 241 234 233 243 50
55 28 15 91 166 161 42 236 228 230 46
34 29 20 195 194 191 215 216 217 190 45
53 115 87 146 219 174 205 255 180 126 38
52 16 11 12 118 151 71 222 95 44 14
13 15 6 10 54 224 14 252 208 161 38
12 12 10 9 53 199 18 249 211 210 42
14 8 24 15 46 243 23 250 184 119 33
9 17 3 8 40 199 19 252 208 217 43
21 12 33 27 125 245 50 240 185 17 19
11 9 5 12 40 206 15 252 210 236 46
23 23 44 27 147 229 62 217 188 9 17
12 6 8 8 51 221 8 252 158 168 37
14 20 22 43 84 254 39 252 173 16 19
14 10 14 17 66 241 22 254 170 65 25
13 9 12 14 53 249 13 247 194 105 32
12 9 6 8 32 206 10 253 206 183 40
13 8 14 9 53 241 9 251 181 125 34
12 10 6 12 57 236 22 254 195 145 37
15 20 15 19 67 248 31 248 191 76 28
16 11 27 22 59 244 34 250 171 57 24
12 7 21 9 50 245 17 252 190 131 35
23 12 36 25 122 242 56 247 191 15 19
11 8 5 7 38 223 18 253 196 191 42
9 7 3 7 58 194 12 245 208 223 44
10 7 4 6 52 210 18 243 213 225 45
15 23 15 25 83 246 48 234 189 40 22
10 10 6 8 33 200 10 254 205 222 44
10 6 12 6 76 186 27 230 221 248 46
14 10 18 16 60 246 22 248 191 98 30
13 8 18 9 50 243 18 253 188 126 34
12 7 8 8 48 201 16 244 216 235 45
16 16 13 27 68 250 27 253 185 56 25
12 8 5 8 48 224 11 252 170 165 37
12 20 5 10 56 234 22 249 198 110 32
12 10 4 7 43 207 15 253 204 216 44
10 10 5 7 52 203 21 235 220 254 48
13 10 18 17 62 250 19 248 192 95 31
13 10 16 9 55 237 17 253 170 79 27
15 17 14 30 73 247 37 252 177 32 21
11 7 6 8 30 213 13 252 203 208 43
20 14 14 14 87 94 37 239 223 161 32
10 5 74 22 94 181 104 227 246 121 30
5 22 228 18 190 250 9 252 249 249 60
105 127 70 102 136 76 172 223 167 20 13
15 10 15 183 94 38 34 251 203 88 21
28 27 45 199 148 58 75 234 203 12 13
18 10 21 163 108 40 44 238 248 201 39
24 30 50 189 146 68 72 234 223 26 15
13 9 35 201 79 43 35 231 231 95 24
24 15 25 196 148 61 51 230 210 17 13
15 12 18 194 117 63 37 238 250 197 40
18 14 23 180 128 51 40 238 255 233 44
28 23 19 224 134 48 80 102 111 0 6
20 23 33 221 101 51 38 244 252 235 45
15 5 32 142 64 39 29 251 184 132 27
12 6 18 131 90 24 20 236 232 182 35
14 12 17 198 91 36 32 244 220 78 22
21 15 35 213 145 71 44 225 254 206 42
20 15 25 197 124 63 54 236 220 34 16
15 25 22 214 114 51 38 226 173 13 11
14 10 19 197 95 45 28 242 201 68 19
15 4 26 219 136 46 42 229 254 204 41
7 40 52 134 176 175 229 251 221 77 28
18 84 99 52 166 159 57 238 197 122 31
9 12 32 48 114 135 121 238 248 125 30
94 110 126 118 169 200 157 226 254 180 45
17 23 33 209 85 253 40 253 171 46 26
23 39 46 231 131 240 61 246 249 193 49
15 23 21 220 81 252 33 251 204 79 31
15 26 29 223 99 252 43 250 227 73 31
12 24 19 227 74 252 23 250 189 58 28
28 35 58 234 146 233 79 243 247 236 54
16 19 40 224 117 247 52 246 240 82 33
20 42 49 241 143 246 65 246 248 185 49
17 26 17 216 87 253 51 252 192 52 27
15 28 29 224 99 252 44 250 222 70 31
21 32 39 214 136 252 60 252 216 28 26
16 23 22 222 111 252 36 252 204 42 27
15 26 12 222 97 253 30 251 204 61 29
24 35 33 244 142 249 59 249 250 243 57
13 10 19 226 114 242 36 249 243 146 42
29 41 35 210 132 244 83 253 183 12 21
28 27 33 246 128 247 47 248 248 236 55
20 17 22 236 118 239 39 248 242 175 46
33 27 35 246 137 247 54 248 249 212 53
21 27 23 239 128 243 37 247 247 205 50
24 35 34 243 140 246 56 247 248 183 49
17 15 33 230 121 247 51 247 239 94 35
31 31 29 243 143 245 47 248 249 194 50
17 24 15 219 113 254 46 253 197 39 26
17 26 15 213 107 253 54 252 199 39 26
31 24 29 240 133 246 48 247 249 218 52
12 9 15 220 61 249 11 248 230 129 39
15 18 15 218 70 249 19 254 210 81 32
13 14 13 213 65 250 15 253 211 109 35
12 11 2 163 60 246 13 248 199 189 44
11 10 4 177 59 245 14 250 210 233 50
11 14 15 12 113 173 153 246 221 136 33
17 64 81 71 67 210 138 248 168 173 37
12 7 117 4 40 33 49 235 125 41 11
165 91 30 239 148 65 253 253 254 32 21
64 88 104 57 129 116 79 216 144 145 29
26 28 33 82 157 163 119 228 140 169 35
71 87 75 85 146 114 130 233 143 131 29
7 39 57 4 131 134 19 239 182 247 43
15 29 59 56 117 141 114 210 203 71 20
13 11 8 31 66 204 19 252 128 67 21
14 7 22 38 134 209 50 220 237 121 33
22 22 39 72 171 218 78 235 211 31 22
11 6 13 16 112 187 29 211 237 219 43
13 8 21 26 131 205 45 226 238 172 40
14 8 21 47 154 223 38 219 236 119 35
18 4 28 74 157 228 44 211 249 238 51
11 7 20 41 148 218 38 224 246 196 44
11 7 11 22 127 192 37 221 240 254 48
14 29 8 63 93 241 33 251 203 77 28
13 25 6 63 91 241 38 252 203 76 28
19 4 30 77 161 232 45 214 250 254 53
20 19 37 108 202 238 63 228 211 22 24
16 4 26 59 155 230 47 217 253 248 52
16 9 24 94 175 228 56 222 238 81 31
14 25 18 65 88 243 40 248 190 68 27
16 15 26 101 167 236 63 218 208 44 25
12 7 12 18 113 188 31 215 240 234 46
14 8 20 50 154 220 40 219 235 119 34
24 23 43 104 194 235 70 225 227 28 25
23 17 33 88 177 230 57 224 248 226 54
35 34 54 120 205 242 76 221 210 11 23
22 27 37 127 202 235 65 223 248 153 44
13 9 6 29 74 206 22 250 229 212 44
10 7 18 26 130 200 37 221 241 180 40
12 9 14 17 120 186 35 218 237 214 43
25 6 14 26 83 124 145 243 233 238 44
37 78 14 30 82 37 191 253 195 17 11
7 225 10 24 120 255 23 252 255 214 54
17 36 16 216 98 139 37 247 150 16 13
21 39 43 210 112 186 86 254 187 18 17
14 27 6 211 71 114 46 251 199 90 24
13 9 26 217 104 90 35 235 237 144 32
15 9 18 203 112 102 24 232 237 99 26
13 22 5 203 67 114 30 253 203 83 23
11 9 7 169 78 57 22 236 231 163 33
12 8 21 196 93 76 25 226 232 128 29
10 8 8 157 77 54 12 233 226 214 39
9 22 97 13 66 122 147 243 236 100 26
59 86 81 85 172 199 137 233 179 102 30
15 8 44 9 85 173 30 244 163 88 23
14 8 21 7 87 153 24 229 228 175 35
12 7 22 7 95 146 20 227 227 174 35
15 8 20 9 92 155 37 231 233 183 37
14 7 15 7 81 128 22 230 229 226 41
20 27 43 14 140 227 64 235 210 28 21
13 6 8 6 97 124 18 243 187 196 36
12 7 10 6 83 128 21 230 230 239 43
24 21 48 22 128 222 54 204 184 6 15
14 7 37 7 92 154 22 237 192 133 29
18 10 29 8 108 196 33 230 221 75 24
13 7 21 6 96 162 41 239 225 115 29
12 7 8 5 89 138 13 225 228 243 44
18 11 44 12 88 244 49 248 180 40 22
14 7 16 6 84 150 26 232 227 177 36
17 11 31 13 111 232 51 244 193 40 22
41 29 36 24 97 65 56 251 165 32 12
10 13 149 57 210 168 67 251 155 15 18
23 25 140 17 152 115 38 251 161 75 22
13 11 77 100 80 38 43 248 233 200 38
15 11 43 94 202 223 49 246 185 75 30
44 33 110 138 225 246 76 247 207 70 35
12 28 3 12 117 112 25 223 217 221 40
13 13 19 7 54 52 67 230 234 197 36
126 96 113 188 204 239 177 232 248 179 51
74 128 142 5 73 42 35 238 247 239 44
9 8 218 48 126 87 22 252 218 160 35
11 6 43 64 45 193 101 251 112 196 38
11 9 19 4 85 68 38 250 182 145 29
196 238 254 234 254 254 254 254 247 21 44
8 5 9 103 161 110 132 244 125 99 24
54 36 18 3 243 120 3 253 242 77 30
9 28 22 25 138 172 50 231 214 224 44
19 25 14 46 96 41 51 237 230 113 26
18 102 59 42 159 138 102 242 235 134 34
7 9 7 9 88 67 36 238 248 83 23
19 56 13 53 143 97 63 239 248 145 33
40 119 39 108 218 169 120 250 235 253 55
13 25 53 130 160 177 216 241 252 217 47
8 3 90 78 68 206 199 241 200 63 24
10 7 18 80 36 251 179 254 148 40 23
9 5 16 62 45 250 153 246 205 119 36
9 6 10 35 36 251 114 251 189 167 42
9 5 14 59 47 250 142 245 217 134 38
8 11 36 55 51 250 145 247 207 122 36
10 6 26 82 53 250 176 248 192 79 30
18 3 39 72 84 244 201 241 247 191 47
8 5 22 54 44 251 188 251 186 125 36
12 7 18 110 59 251 217 252 168 16 21
12 5 19 78 50 250 202 254 153 38 23
8 6 20 40 30 251 158 250 143 124 35
5 8 30 44 33 252 160 251 146 119 34
18 3 51 54 63 126 190 226 196 109 26
52 77 27 15 156 215 64 230 241 99 33
16 55 14 16 113 76 62 239 249 203 40
8 5 30 53 56 252 188 238 217 158 41
6 5 30 42 36 237 138 248 215 236 50
7 5 30 38 63 57 170 240 193 155 31
8 9 22 59 33 248 173 252 127 82 28
7 4 30 43 63 71 172 235 185 137 27
7 4 41 63 41 247 184 246 226 138 39
18 3 33 67 85 245 191 236 249 227 51
13 15 41 65 48 248 201 253 180 84 30
23 3 36 61 103 239 207 243 252 249 54
10 6 20 90 47 250 203 254 163 32 23
10 7 23 64 43 249 192 251 172 78 29
15 37 86 201 132 143 172 237 248 221 45
8 5 19 134 113 102 196 233 244 175 37
61 47 78 102 147 174 174 232 171 235 46
66 46 47 75 82 71 189 240 198 171 33
69 107 144 104 157 182 188 183 128 36 19
15 4 11 2 69 27 28 228 103 254 41
59 74 71 132 158 143 115 228 126 56 20
88 197 216 104 203 202 214 238 150 23 27
8 172 117 129 10 214 232 253 190 130 37
17 5 20 5 46 29 18 231 133 139 26
103 17 241 185 123 241 235 228 195 23 26
85 89 100 132 175 161 158 227 157 111 30
11 5 28 26 104 74 80 239 132 194 35
155 27 73 195 198 236 138 209 130 12 22
8 13 3 4 49 230 5 251 133 181 40
95 55 1 122 109 26 208 231 107 46 15
129 166 58 43 104 34 185 251 195 198 40
50 79 111 83 163 177 161 240 148 143 35
31 69 112 54 145 199 112 243 254 244 52
18 48 26 85 154 157 181 242 239 91 29
30 6 40 23 74 69 79 241 174 185 34
78 125 157 171 211 235 217 242 251 145 48
67 112 112 95 160 120 174 239 138 175 37
154 172 68 209 251 192 226 239 146 18 28
65 85 12 109 80 171 140 242 181 252 46
80 114 75 110 140 62 228 240 133 38 16
56 65 93 93 160 168 172 230 128 97 27
45 18 34 84 85 132 76 238 175 249 44
41 57 77 66 157 168 123 239 158 173 38
10 10 59 16 104 93 47 247 158 202 36
58 60 2 114 123 54 185 245 230 174 36
40 29 20 75 93 66 163 224 148 26 12
8 5 4 9 38 241 82 244 169 90 29
11 179 68 117 46 234 180 250 102 33 22
21 15 37 42 92 105 110 227 202 217 40
7 120 159 2 61 15 24 237 130 85 20
39 132 28 167 137 61 5 250 253 230 46
55 117 25 77 140 51 195 235 173 3 11
11 5 6 30 118 180 111 236 216 204 42
10 23 11 94 134 88 53 237 253 203 41
7 77 176 19 121 85 10 249 245 150 35
5 7 2 62 76 233 40 252 223 74 28
55 9 18 73 116 185 98 199 207 181 38
32 122 38 155 165 43 153 245 239 117 31
33 37 81 58 123 116 27 215 217 234 43
3 54 0 4 96 34 54 234 229 115 26
16 2 28 102 107 152 214 222 249 125 32
8 6 20 61 31 250 177 251 142 93 31
9 5 21 63 43 252 195 245 195 118 35
8 19 28 66 83 70 214 248 235 182 37
9 9 33 130 65 248 219 250 162 14 20
8 5 32 58 58 252 183 241 237 153 41
107 162 242 105 165 232 230 240 195 15 27
22 3 19 4 45 23 29 230 84 201 33
19 4 98 5 45 94 94 237 135 117 23
42 36 176 232 199 230 242 236 231 81 38
154 145 74 204 222 207 222 246 206 16 27
19 29 74 57 138 201 206 230 137 97 29
14 17 40 178 161 104 235 249 151 70 23
70 109 146 135 190 149 206 249 139 99 31
7 7 15 28 111 56 103 247 108 242 41
12 10 51 104 103 61 229 252 159 179 34
11 6 114 17 73 223 244 231 144 38 21
48 43 11 119 156 135 167 240 251 61 24
16 24 11 128 107 51 193 247 253 77 24
11 25 67 54 68 181 171 238 161 222 43
10 4 3 6 66 37 51 241 162 187 34
26 29 51 142 125 68 98 220 244 119 29
13 1 20 177 85 40 174 239 235 249 45
9 15 43 27 173 176 16 252 175 177 39
15 7 11 67 93 62 188 244 166 167 32
14 10 107 38 56 115 210 242 200 208 39
17 11 124 45 68 170 209 244 161 85 24
11 16 8 118 98 222 171 251 148 209 44
44 9 105 96 147 228 147 244 215 73 30
16 39 88 72 140 174 146 237 222 248 49
27 42 68 55 127 148 140 227 157 175 35
7 12 162 12 26 93 236 247 225 46 18
20 52 23 35 134 118 69 248 248 153 35
179 198 170 208 234 231 205 251 250 84 44
17 21 61 44 99 115 119 226 195 184 35
14 4 24 118 46 13 11 251 172 80 19
23 17 102 13 111 158 36 250 253 145 35
48 27 15 34 58 63 147 241 250 155 33
102 162 123 167 248 222 134 250 250 146 50
43 32 26 91 118 82 184 241 160 108 24
8 5 2 5 10 244 2 254 128 234 48
16 3 1 14 81 48 29 237 215 68 19
141 2 55 51 93 157 8 229 214 214 41
90 106 132 99 174 203 81 231 253 234 52
30 20 141 86 99 210 201 219 249 205 45
39 129 83 61 148 68 177 250 148 134 30
11 154 46 51 108 199 19 249 115 52 21
28 49 26 65 140 106 109 250 199 212 41
11 10 32 18 38 221 10 251 222 250 50
22 137 114 41 148 88 104 251 228 209 43
49 25 49 99 110 120 176 227 212 164 34
61 114 60 68 160 142 120 233 218 250 48
33 8 38 150 125 204 101 250 104 45 20
18 4 1 4 61 22 30 231 139 143 26
8 17 35 18 115 151 33 218 246 151 34
47 60 27 100 51 22 122 244 134 42 13
2 53 13 33 164 167 49 235 245 134 35
28 15 59 35 95 61 114 240 125 81 19
25 39 59 46 111 106 128 225 154 123 27
64 63 96 6 99 74 14 240 150 166 32
138 149 29 39 105 79 224 251 147 61 20
74 34 113 91 102 44 147 239 100 22 11
38 53 85 19 102 153 35 205 222 219 42
21 148 138 6 92 4 12 227 163 119 26
110 16 29 6 74 87 13 249 246 236 44
106 209 3 228 58 30 12 251 181 60 22
9 26 78 19 108 73 110 248 144 25 12
15 29 16 22 83 55 60 237 251 118 28
9 8 72 51 126 114 110 250 163 175 35
79 114 4 41 138 78 98 237 179 212 40
56 5 12 123 61 15 83 235 203 94 22
174 19 115 27 82 86 20 250 199 97 24
19 5 24 4 59 44 22 230 136 233 38
69 37 47 179 106 64 41 254 138 23 13
35 192 219 96 210 202 216 247 180 32 29
2 62 119 24 159 244 239 246 246 244 57
10 6 8 8 82 65 29 238 246 206 39
123 224 29 63 202 88 193 238 110 23 20
77 97 76 97 160 171 182 232 198 153 37
53 26 26 65 153 166 48 229 194 237 45
27 5 123 99 45 16 152 235 114 57 15
35 103 3 46 151 75 109 247 197 120 28
19 12 50 16 103 199 194 218 140 32 17
20 22 30 46 102 105 101 229 202 221 41
77 107 110 109 171 171 175 223 127 49 21
91 86 10 110 201 190 156 237 162 148 39
62 30 47 124 120 97 187 216 134 118 25
157 179 211 35 123 73 51 246 158 29 17
1 7 8 22 203 251 250 250 247 205 55
49 49 111 124 168 203 165 229 190 236 49
14 109 116 11 160 165 50 211 97 32 16
14 129 147 19 206 234 18 246 243 154 47
7 11 135 98 128 136 210 245 125 53 20
9 2 14 5 101 123 61 245 171 97 24
213 19 245 14 39 52 6 251 171 60 20
9 22 11 37 136 163 145 248 191 134 32
23 67 59 24 20 176 9 251 65 47 17
59 84 4 78 118 55 200 254 234 93 26
10 8 46 7 101 102 30 237 214 148 31
4 172 217 51 186 97 8 246 171 12 18
7 109 214 30 170 241 48 226 243 106 39
18 14 35 88 79 65 200 233 243 114 27
36 115 41 69 179 129 77 233 221 150 36
6 185 20 18 131 52 205 236 236 250 47
14 4 56 90 76 63 11 235 255 129 29
166 194 103 24 126 167 247 253 254 40 26
14 14 17 9 74 88 72 227 254 80 22
79 100 108 106 201 241 231 242 228 61 34
59 4 7 4 64 167 155 237 164 136 30
7 124 178 2 76 59 35 238 248 247 46
236 30 245 94 154 126 103 247 231 114 35
27 5 13 124 96 47 215 231 140 14 10
170 189 67 197 234 177 145 229 110 28 26
13 16 35 10 66 40 25 244 252 75 21
216 204 23 209 230 201 219 225 233 237 60
12 29 30 7 95 114 38 226 244 248 44
8 23 30 11 94 115 80 239 254 225 43
86 229 163 33 169 227 248 244 249 93 40
9 5 1 6 61 56 99 234 243 92 23
15 33 13 52 114 99 126 247 251 123 30
59 225 36 147 249 163 240 250 249 174 52
9 17 8 38 94 104 127 239 254 127 30
9 16 17 43 62 67 210 243 248 57 19
16 26 15 88 144 153 137 241 254 175 40
11 46 24 117 162 150 174 231 230 164 38
233 206 174 230 228 227 219 222 226 49 38
6 21 20 29 76 80 175 246 249 138 30
88 155 201 134 208 231 140 237 171 63 33
32 117 114 94 111 193 74 246 140 150 35
153 161 10 219 221 84 224 247 221 138 40
126 199 208 39 96 106 185 255 249 168 41
159 105 26 118 130 123 185 229 248 139 34
69 46 12 115 120 64 97 241 249 196 40
18 228 28 39 239 233 197 236 251 225 61
20 59 24 14 98 63 34 238 247 170 35
17 152 86 10 130 127 31 231 237 33 19
21 174 98 38 238 211 23 242 235 144 46
26 108 87 8 120 92 20 219 232 92 25
28 65 93 46 140 134 78 228 158 222 41
20 140 20 6 145 136 102 238 249 252 48
