18 4 43 46 63 141 103 146 243 132 64
37 14 29 70 109 200 135 186 253 108 59
44 22 35 66 103 189 137 183 254 103 56
21 1 32 51 78 170 100 149 251 125 63
26 3 28 54 80 166 96 153 252 132 66
35 20 37 54 94 187 125 177 253 65 41
35 15 29 52 80 172 118 152 224 5 14
20 7 29 36 45 124 83 120 236 238 103
18 2 23 39 66 145 95 157 251 149 72
12 1 31 51 81 150 94 153 243 213 95
14 22 19 28 57 63 87 175 247 46 31
12 15 19 38 58 67 93 174 242 5 13
12 21 15 49 73 69 114 196 247 55 36
18 22 16 51 89 76 105 223 251 131 67
58 21 41 102 137 218 178 223 249 241 111
21 2 27 58 65 145 96 134 240 131 65
16 1 27 45 63 148 95 135 240 177 81
41 10 35 71 95 195 144 170 254 65 41
25 1 43 50 58 170 103 129 249 137 67
27 8 40 50 65 156 110 150 250 132 64
15 2 31 35 48 127 93 136 240 239 103
40 16 56 70 82 181 146 163 247 31 26
34 4 31 70 100 204 131 166 254 86 51
36 7 31 70 95 199 125 157 253 37 30
19 1 37 22 44 168 106 138 251 136 68
19 1 37 37 42 131 95 126 243 212 93
21 2 34 44 52 148 101 136 247 177 82
22 1 31 36 43 122 92 133 244 228 98
24 2 31 41 52 120 104 150 245 205 91
19 1 23 31 52 126 76 139 247 199 88
6 13 5 19 51 26 25 187 253 165 76
19 131 52 39 84 40 64 254 254 95 53
80 48 70 138 155 222 209 226 251 201 99
21 1 29 31 63 158 91 151 249 203 90
22 4 29 50 68 153 94 141 245 234 101
33 8 60 64 70 186 139 150 249 12 18
26 1 40 54 53 161 117 134 250 124 62
36 5 44 59 80 199 135 156 254 80 46
20 1 37 37 66 170 98 152 253 216 96
23 5 66 48 51 148 111 140 246 129 64
46 4 21 72 91 199 149 163 249 27 25
8 23 27 25 46 100 135 150 247 184 84
4 30 31 91 103 35 85 219 248 67 40
25 1 17 38 69 154 70 138 250 201 89
27 2 29 45 69 170 95 149 254 228 99
43 15 41 65 93 199 144 173 254 106 57
12 3 48 22 36 143 109 142 251 229 99
13 20 15 25 65 55 65 207 253 153 74
50 54 66 99 157 215 178 224 248 158 81
40 11 39 79 102 197 154 177 253 97 54
38 11 43 61 83 187 140 167 252 58 37
17 3 38 43 47 130 111 142 245 216 95
17 11 15 19 54 66 67 195 253 252 106
16 7 21 20 66 83 111 235 250 216 95
51 9 28 76 58 115 167 173 247 35 27
15 4 28 201 65 14 41 133 254 37 29
30 31 46 59 99 92 80 234 253 171 81
40 6 38 60 32 70 138 158 244 79 44
29 22 30 54 75 105 135 181 243 149 71
24 31 23 72 91 83 127 182 237 166 77
31 3 28 54 112 208 77 176 251 129 65
43 14 23 65 54 87 161 184 244 87 48
38 39 30 75 91 85 146 194 244 66 40
19 37 137 80 46 72 147 177 251 105 54
15 5 19 35 38 66 92 142 233 203 89
15 34 24 40 68 78 99 159 243 197 87
28 3 28 49 42 70 128 175 249 213 93
25 17 28 51 62 81 109 167 244 194 86
34 3 25 67 32 65 155 165 247 11 16
41 12 27 83 57 68 184 188 244 20 21
14 22 19 36 61 63 91 170 234 11 15
36 30 36 78 119 163 155 203 248 182 88
34 8 34 59 48 118 123 138 222 3 12
13 8 17 36 42 48 132 192 249 32 26
22 16 21 46 58 57 129 205 247 135 66
5 60 12 39 102 107 92 157 236 133 65
3 50 9 25 87 97 77 153 235 214 95
6 11 18 26 49 40 19 170 254 70 39
1 13 36 64 38 38 122 131 239 167 76
14 15 20 15 57 50 47 203 248 204 90
4 7 254 16 33 246 12 43 185 3 15
144 9 20 134 30 45 27 92 248 102 53
24 27 248 48 56 107 31 204 252 129 66
106 15 11 85 19 22 8 98 246 109 54
5 10 16 26 24 24 9 119 249 163 74
21 28 37 30 76 70 50 207 249 95 52
14 23 22 29 52 39 23 162 248 14 16
22 43 253 40 78 137 50 230 254 83 51
10 8 183 7 17 221 13 49 251 77 46
22 6 251 17 74 250 19 161 253 241 109
13 20 222 13 38 240 30 92 245 16 21
7 13 254 17 47 254 33 100 254 123 66
13 10 14 29 40 38 17 150 252 155 73
8 6 200 8 16 227 19 53 251 145 72
13 14 212 4 15 222 17 50 254 81 47
6 10 222 6 31 233 34 100 253 250 110
7 15 237 13 46 246 28 94 252 65 43
5 11 247 20 43 234 21 71 199 1 14
18 23 248 32 69 253 45 127 253 137 72
3 30 176 18 5 60 30 98 243 123 61
10 8 233 9 37 244 34 113 255 241 108
6 22 212 29 6 59 21 121 244 27 22
5 11 200 1 17 219 21 68 251 232 102
11 21 41 20 64 120 76 155 245 122 61
9 15 232 10 31 238 27 92 237 9 18
4 242 247 7 245 250 10 249 252 93 71
36 36 63 50 105 114 62 225 254 142 71
18 25 208 29 36 77 26 191 242 77 46
10 27 231 30 19 63 13 152 248 126 64
11 8 179 6 37 230 22 92 250 200 92
28 23 35 24 56 66 48 187 254 251 106
10 3 21 24 18 33 11 113 237 74 40
20 244 255 26 247 255 35 250 255 226 119
22 18 248 39 40 103 19 187 248 177 83
24 25 62 41 67 75 40 201 255 70 42
28 177 251 11 161 244 18 166 247 77 54
15 241 254 33 101 250 45 165 254 213 105
6 30 253 23 64 248 95 160 255 218 101
7 15 5 19 9 13 7 80 248 190 84
3 11 245 8 37 241 14 74 236 18 22
8 13 137 3 14 138 26 84 251 232 100
10 42 50 39 115 171 84 175 248 101 55
25 23 24 44 59 46 28 173 254 24 21
29 12 239 14 76 220 55 226 251 225 104
9 14 16 28 42 38 21 150 249 140 66
7 32 176 16 2 55 24 97 245 48 30
5 10 191 2 26 211 29 91 251 234 103
7 2 8 14 201 42 3 250 226 29 29
10 15 231 9 49 243 36 126 255 187 90
8 5 154 2 11 197 20 55 250 194 88
88 11 2 19 3 32 22 100 244 90 47
7 11 160 5 24 205 16 61 249 121 60
5 15 119 19 5 56 23 96 247 253 105
22 33 47 30 79 77 50 208 253 142 69
17 18 23 20 53 54 31 167 242 50 31
16 244 253 26 245 253 37 242 253 131 85
6 8 205 4 24 222 32 88 253 253 109
4 6 148 1 15 194 17 63 250 242 103
6 8 168 3 19 214 16 57 251 158 76
8 228 225 11 41 248 34 48 228 7 21
3 3 132 8 27 208 6 51 251 145 70
7 135 140 25 161 188 1 81 140 21 22
3 137 106 17 122 146 3 102 245 247 107
15 10 12 16 21 38 31 118 236 212 91
12 7 175 3 27 220 26 97 252 238 103
4 7 21 22 21 34 14 112 239 37 25
13 21 255 22 54 253 36 106 255 23 26
13 6 7 19 9 29 15 86 245 224 96
1 1 113 5 12 132 11 70 246 220 94
6 4 91 1 14 121 28 91 246 236 99
6 7 4 23 8 14 7 87 249 221 93
21 195 134 16 220 183 9 244 223 24 33
19 38 59 46 91 144 100 170 252 142 69
22 22 23 19 53 55 45 183 252 188 84
8 10 214 5 31 235 25 94 250 201 92
9 12 221 6 29 232 32 100 253 226 100
16 20 212 15 11 73 19 164 246 215 95
4 13 246 27 23 119 29 144 242 13 18
10 19 225 13 64 246 36 139 251 255 112
10 6 217 12 20 235 20 61 252 38 30
8 13 4 14 22 27 14 105 238 86 46
17 17 22 18 53 58 36 175 249 158 74
22 84 82 66 177 232 156 244 254 172 89
6 28 40 18 68 116 81 154 238 188 84
10 11 245 15 37 245 34 100 250 24 26
8 9 29 23 30 48 13 134 253 223 96
6 12 163 4 27 218 14 63 252 124 63
5 11 142 3 28 202 12 63 250 196 88
3 7 252 14 54 247 28 111 232 0 15
16 47 31 65 99 128 149 172 247 105 56
4 3 125 5 24 192 12 61 250 223 97
6 6 127 7 21 195 7 50 250 127 63
9 9 205 11 25 227 13 67 250 43 32
7 17 5 25 19 11 8 102 247 130 62
10 21 224 10 49 246 26 103 250 21 24
5 14 20 12 31 46 20 120 231 48 30
11 19 212 8 54 232 36 138 251 172 84
7 8 5 27 13 18 7 82 246 143 67
8 12 192 6 23 226 16 66 251 66 40
9 7 185 6 23 224 17 71 251 131 67
8 23 254 25 84 255 37 150 255 192 93
12 16 170 2 8 178 31 66 250 240 103
19 10 8 11 42 58 25 148 242 240 101
9 17 216 33 34 93 26 180 247 121 62
4 144 126 3 23 200 31 24 253 213 95
4 3 33 7 16 56 16 106 238 78 42
6 19 142 2 14 137 29 73 219 28 22
104 2 40 114 32 171 162 98 253 103 56
16 9 19 23 32 50 32 127 239 166 76
18 20 158 17 51 98 36 212 249 140 70
15 11 231 11 60 243 26 150 252 90 53
9 142 158 12 176 206 9 200 245 251 113
20 12 250 14 81 246 25 178 254 215 100
9 5 201 18 41 244 20 84 250 161 78
12 20 48 32 73 137 75 152 251 243 103
16 17 222 13 33 243 24 80 250 26 25
9 18 25 34 33 33 10 117 245 48 30
29 24 37 54 104 103 77 229 254 135 68
19 76 178 1 45 177 14 80 249 137 67
9 12 181 4 24 219 13 69 251 104 56
6 15 213 8 18 182 27 90 250 116 60
8 6 183 8 29 231 19 85 251 173 81
14 20 249 30 68 255 45 128 255 196 93
11 8 202 11 25 225 18 70 249 59 39
23 23 26 18 63 75 41 178 250 155 72
17 18 254 31 43 119 36 198 252 147 73
11 18 193 2 20 206 17 69 250 98 53
7 20 143 2 15 135 31 96 251 196 87
13 27 244 27 72 254 39 130 255 116 64
7 219 210 12 35 231 32 55 252 66 45
12 8 206 4 16 216 25 77 251 138 70
4 155 226 11 21 228 28 32 252 45 35
3 10 147 2 20 191 15 65 249 120 60
34 29 37 25 85 103 88 234 253 198 90
7 16 112 2 19 142 21 86 241 173 79
16 33 167 1 29 198 10 64 249 196 88
6 12 167 1 11 192 26 66 252 236 102
7 10 248 12 39 248 34 103 252 49 36
9 128 163 8 95 213 8 52 246 117 62
15 16 25 28 51 60 36 154 246 14 16
30 42 32 30 88 83 59 209 250 233 101
9 26 28 30 53 45 26 158 249 10 14
249 250 192 253 246 135 114 249 253 196 115
5 7 136 1 28 212 14 67 253 146 71
6 23 163 18 1 38 14 67 242 103 52
10 9 215 4 18 226 27 79 253 196 90
4 12 237 13 43 245 27 92 252 56 39
4 13 116 20 1 29 21 74 232 62 36
19 30 18 18 78 73 45 201 249 205 91
10 34 34 20 70 110 76 153 236 164 76
15 41 45 38 110 162 86 175 244 109 57
9 30 43 38 88 135 88 159 241 125 61
5 10 208 4 34 229 26 97 251 96 54
8 11 190 10 31 220 20 84 249 45 32
7 6 129 2 24 204 18 72 254 240 103
13 15 210 2 29 182 48 147 249 193 89
6 8 193 7 23 226 26 74 251 156 76
7 11 229 9 48 245 30 117 252 118 63
15 23 205 93 28 145 205 140 251 77 47
8 18 225 14 46 247 38 103 250 29 27
12 16 223 14 41 245 31 100 250 36 30
5 8 136 6 27 206 8 41 218 48 31
9 239 236 21 213 248 14 143 250 61 52
10 7 206 5 18 222 24 76 250 103 56
5 20 162 31 16 74 35 147 247 158 75
11 16 196 10 32 228 25 90 250 50 34
15 7 22 19 24 50 23 116 236 97 50
13 34 33 18 68 105 78 154 233 126 62
7 38 52 38 106 156 92 174 238 90 50
6 6 188 15 26 233 24 62 249 40 31
20 20 28 8 44 66 42 163 252 120 60
14 19 211 17 13 75 20 159 244 56 36
6 21 190 13 8 68 27 150 246 200 90
5 17 74 21 24 43 9 124 252 250 105
14 16 223 20 21 69 19 177 238 49 33
9 11 138 1 14 179 19 69 250 239 103
12 7 157 2 25 222 25 78 253 195 88
15 24 25 24 65 63 50 191 253 88 47
21 33 36 28 92 88 56 221 254 122 62
25 33 49 42 101 111 83 230 253 151 74
21 15 221 36 33 91 28 191 246 128 65
26 7 231 17 75 242 50 212 250 243 110
9 5 139 5 29 196 16 84 253 241 103
11 6 148 1 19 219 18 60 251 104 55
14 3 15 12 12 39 23 89 186 12 13
5 9 156 1 19 199 17 63 251 153 74
14 19 225 11 29 232 24 76 223 11 18
7 14 167 1 14 196 23 67 251 250 107
11 38 252 30 80 254 52 138 254 42 35
23 23 15 14 59 62 47 189 249 231 100
20 37 28 33 82 69 54 206 255 106 56
31 30 56 53 106 113 66 225 254 205 93
19 229 250 34 231 250 51 233 250 31 43
13 37 48 38 88 136 95 166 246 95 51
12 21 50 43 81 141 97 158 246 113 58
5 28 156 21 6 57 25 111 243 148 70
14 4 14 10 24 56 25 116 235 153 70
5 5 145 9 26 214 13 56 249 100 54
7 26 192 15 1 63 29 113 245 113 57
18 154 249 6 81 227 22 117 236 12 22
6 13 209 33 18 102 24 139 249 126 63
15 10 236 15 77 231 33 179 247 62 42
10 17 220 2 24 220 31 100 253 178 84
69 22 6 19 42 59 45 173 252 126 61
5 3 150 2 20 215 14 62 253 71 42
6 5 233 15 46 252 33 112 251 166 82
1 35 219 20 4 77 22 96 249 30 24
9 8 183 6 33 230 14 87 253 206 94
130 26 5 35 6 38 27 107 247 57 34
27 71 74 49 146 212 141 217 250 25 27
42 57 72 87 159 234 208 213 235 18 27
43 81 68 80 160 214 226 230 242 21 29
228 30 33 235 49 55 254 168 248 18 29
21 23 31 39 68 55 48 216 254 244 105
21 26 40 51 86 73 53 226 254 185 85
20 85 234 49 135 242 82 201 245 252 114
8 29 212 17 7 72 28 132 242 64 37
7 6 159 5 27 219 22 77 251 232 101
15 18 219 13 48 244 35 123 250 55 38
9 19 64 14 13 33 16 120 249 29 21
13 34 26 40 75 111 120 161 245 214 94
10 7 189 6 14 210 24 62 251 144 70
10 16 219 4 28 226 21 90 253 70 44
5 5 211 9 35 238 33 101 252 170 82
5 5 175 11 23 206 17 63 214 17 19
18 32 42 51 84 126 143 183 252 155 74
24 21 73 41 82 197 132 145 220 14 18
12 1 65 5 55 211 23 98 254 174 81
239 75 2 25 181 34 3 252 225 162 84
2 103 41 7 158 128 14 224 240 141 72
9 121 185 21 139 27 13 218 246 91 53
7 219 74 22 11 219 35 106 244 99 56
11 117 96 42 195 228 15 119 176 10 21
12 65 8 12 140 20 13 105 240 153 73
8 5 124 4 32 207 31 97 253 182 84
15 4 136 28 59 233 47 105 252 168 80
6 85 61 1 49 188 29 46 253 177 81
11 6 169 15 41 230 42 106 251 116 60
9 8 104 18 47 220 58 99 250 19 21
8 7 137 9 51 213 54 133 251 47 33
5 10 121 3 39 206 37 90 254 64 39
4 9 116 2 38 203 28 90 254 105 54
11 207 112 24 12 242 39 93 241 23 26
4 9 132 3 33 209 31 81 251 85 47
15 7 26 26 32 58 33 125 242 92 48
3 9 121 1 34 201 24 82 253 154 74
8 7 151 7 27 218 37 80 251 48 33
98 173 2 101 196 48 94 240 226 33 34
11 37 245 47 29 96 64 161 252 106 57
47 119 114 88 201 246 190 249 253 126 75
12 49 41 16 71 133 22 90 239 90 47
20 13 17 21 34 58 43 124 234 127 61
36 31 32 16 76 86 101 242 254 157 76
11 20 245 52 60 104 52 218 252 166 80
27 39 248 66 78 130 76 223 250 152 77
1 37 224 40 12 95 43 104 252 36 27
23 43 253 53 62 112 98 231 251 157 79
15 17 43 21 40 76 55 138 240 192 85
15 33 40 37 68 80 90 175 243 64 38
21 221 173 36 136 227 100 155 250 55 43
5 58 81 59 156 219 64 170 242 32 29
6 4 51 2 48 177 22 110 253 255 108
18 1 73 12 71 202 34 157 253 232 101
76 7 10 124 26 27 227 164 242 68 42
1 135 91 42 227 222 49 243 248 194 99
6 8 85 1 45 194 25 100 254 239 102
13 98 107 33 198 237 26 155 236 16 25
3 229 102 28 13 246 28 98 249 231 105
14 17 196 18 33 232 41 80 250 33 27
7 78 113 37 171 239 30 126 242 31 29
16 15 215 31 17 78 45 172 245 222 98
26 4 254 15 62 246 40 161 254 111 61
9 4 105 16 66 224 51 142 253 174 82
15 20 251 33 15 94 40 153 249 169 79
4 84 47 21 132 157 12 120 230 251 106
25 27 27 24 50 63 75 169 248 58 34
34 30 19 37 88 94 90 213 248 137 68
42 27 45 49 92 117 115 231 252 162 78
26 33 223 56 78 115 94 251 250 212 97
35 22 37 48 75 89 83 196 254 105 55
17 27 27 25 53 61 81 170 244 43 29
26 212 248 55 232 251 84 249 251 206 109
32 21 28 35 70 82 70 196 254 220 96
46 38 54 35 86 107 109 236 253 251 107
37 32 58 22 71 101 112 232 254 148 70
12 25 251 26 13 79 46 161 248 214 94
26 23 251 53 44 105 79 205 246 78 47
3 197 47 23 4 200 29 109 250 226 100
15 3 10 13 20 26 25 138 206 8 12
31 9 220 24 70 237 64 196 251 117 64
14 7 144 6 41 221 35 101 251 183 84
2 123 83 29 190 179 38 228 245 234 107
8 7 136 8 40 219 55 111 253 49 33
2 237 115 24 97 231 41 117 253 188 92
13 28 121 4 56 200 29 108 254 109 55
15 45 195 17 73 229 41 120 249 29 26
21 9 55 4 81 226 27 115 254 76 45
6 48 235 8 40 201 48 93 249 29 27
32 4 254 40 96 254 64 220 254 246 113
14 22 208 6 8 144 58 127 252 255 108
7 3 45 1 37 177 14 92 253 193 86
3 226 37 21 203 155 13 122 239 240 110
34 127 126 120 223 224 153 249 253 24 35
8 7 105 4 29 196 38 93 254 114 58
5 4 118 7 32 206 40 88 254 75 44
22 10 176 29 66 245 71 154 250 155 77
17 10 178 24 47 240 70 119 250 42 32
13 1 163 21 60 237 57 144 254 229 102
12 7 128 6 30 206 35 83 254 109 56
12 6 118 8 35 206 33 84 254 136 67
15 6 123 8 52 219 50 137 254 235 102
9 6 126 4 45 216 55 132 252 28 25
4 119 1 37 187 55 19 248 219 36 32
12 10 154 19 43 223 54 106 251 78 46
10 16 115 13 64 211 73 146 254 56 37
5 239 78 31 77 221 60 114 254 236 108
39 73 82 103 158 175 106 197 250 204 95
3 16 19 35 71 87 34 133 233 249 103
9 4 63 2 39 182 23 97 252 101 52
11 17 81 4 66 194 28 117 253 213 94
6 168 45 13 44 200 54 84 253 148 73
8 234 70 37 23 232 51 128 254 193 92
3 233 60 19 17 213 34 105 242 70 44
2 238 54 18 29 179 34 99 251 235 105
6 178 222 42 189 211 37 159 229 15 26
27 86 83 78 164 177 103 221 251 250 111
2 27 38 37 80 104 50 149 244 226 97
2 12 37 37 62 98 50 126 233 125 60
1 44 44 42 98 108 54 164 240 150 71
2 38 36 40 97 108 44 150 234 94 50
7 52 164 22 29 78 12 110 250 33 25
23 235 42 73 227 151 178 244 253 141 83
11 2 11 29 77 160 71 151 248 76 44
1 15 1 31 211 248 69 140 236 156 81
2 175 52 37 47 200 25 67 253 207 93
8 2 61 2 54 215 96 133 250 122 62
93 135 0 53 111 16 11 176 243 215 95
121 180 2 32 141 37 7 190 233 198 92
3 91 4 25 213 27 104 189 249 190 91
10 10 19 174 51 5 236 232 243 20 25
7 142 42 25 53 213 20 70 255 168 80
4 113 8 33 221 25 47 201 231 15 23
23 8 9 14 32 77 93 159 247 222 95
158 39 6 34 4 32 117 174 252 111 57
19 8 9 27 194 37 74 233 253 146 74
205 2 23 57 204 6 109 247 242 48 39
22 74 68 65 142 159 106 213 252 150 76
8 105 108 26 185 228 15 196 247 127 70
6 244 52 17 169 190 38 142 252 119 66
4 4 109 9 46 204 44 117 254 113 58
4 47 4 29 111 56 8 191 241 224 97
1 51 0 21 112 54 3 195 242 147 71
15 125 9 14 142 247 17 96 255 247 109
20 29 24 35 62 57 54 167 246 36 26
9 156 252 63 211 253 82 245 253 153 87
7 58 194 16 109 233 31 163 253 243 107
1 48 1 24 112 51 10 186 234 251 105
11 74 219 16 158 243 24 237 251 176 89
10 5 115 10 36 205 38 87 253 94 50
13 10 152 9 32 222 60 104 248 15 19
9 2 90 17 46 193 50 107 253 92 50
9 30 239 48 11 69 46 134 249 54 34
25 21 185 67 73 89 53 229 243 125 64
27 22 244 60 84 162 90 230 249 139 71
8 2 130 1 46 211 25 124 255 184 85
16 9 163 15 54 230 38 132 251 46 33
12 1 72 15 28 162 19 73 246 221 95
7 108 6 45 174 73 11 229 239 217 98
12 20 140 35 20 83 25 127 250 169 76
10 18 151 18 33 124 68 162 251 235 100
30 62 45 67 90 86 117 160 243 170 78
4 6 10 100 125 163 139 174 242 79 47
20 2 42 113 50 45 170 170 236 59 37
116 65 19 72 80 61 150 232 239 151 74
64 97 111 160 202 233 213 246 251 125 75
6 25 106 14 24 84 51 118 238 56 33
16 21 28 29 62 73 149 235 246 122 63
18 71 242 23 99 236 87 194 247 41 35
10 76 59 95 155 138 232 253 251 178 90
56 69 35 103 94 126 198 155 253 70 44
2 14 19 4 11 47 150 156 243 253 106
46 18 43 29 54 118 47 135 248 32 24
32 24 37 38 79 94 132 234 252 112 60
38 33 37 53 76 86 174 237 251 116 62
23 16 50 65 112 198 131 195 246 58 39
39 73 73 121 152 149 239 254 254 234 109
69 62 84 90 119 137 150 232 240 191 89
28 44 61 105 157 197 149 226 246 202 96
25 28 34 33 90 102 113 241 250 127 65
30 36 35 45 77 96 106 179 233 48 32
243 166 38 254 223 108 242 252 233 126 85
61 116 51 125 163 93 214 254 249 115 65
120 81 22 142 116 59 217 243 245 70 48
168 36 48 50 13 66 232 198 252 85 51
107 188 89 7 113 68 70 216 233 51 38
14 35 32 37 82 90 167 245 251 111 60
110 57 41 15 52 73 46 195 247 233 101
33 30 38 85 95 113 159 162 171 35 26
124 5 13 162 16 32 240 124 240 62 41
1 250 230 42 241 251 235 252 245 64 61
40 45 216 56 16 61 30 87 246 116 59
64 25 22 92 125 189 78 157 249 250 109
101 101 102 231 231 230 249 249 249 39 48
53 9 125 97 33 11 25 199 145 4 12
3 81 98 30 227 252 4 254 254 55 47
13 3 129 24 25 197 51 70 250 174 80
16 5 70 4 44 214 9 71 197 18 19
14 3 125 26 24 195 55 69 250 200 90
13 2 38 10 230 120 201 233 249 169 87
40 26 215 64 44 238 156 112 246 97 56
154 182 10 172 235 206 217 233 251 99 70
71 5 1 42 125 14 98 118 251 232 100
8 20 49 34 57 86 200 232 250 192 89
90 124 149 167 204 229 205 238 250 228 113
37 243 52 91 43 61 34 114 254 152 76
28 20 16 20 57 62 61 190 251 199 88
29 79 28 34 68 32 29 147 240 90 47
18 29 30 31 54 56 50 152 239 74 42
51 36 53 53 105 121 75 219 238 113 59
47 52 98 77 134 176 114 230 247 181 88
48 57 49 98 130 116 147 229 234 151 75
53 60 66 74 106 120 119 194 224 53 35
32 26 36 138 117 100 224 235 243 194 92
10 27 18 37 56 70 85 139 238 204 89
93 59 32 81 72 116 174 179 252 135 66
12 114 38 114 5 207 91 162 246 124 65
7 20 3 163 218 199 26 163 198 19 27
69 14 13 62 30 56 211 206 246 177 83
12 80 82 80 161 191 22 119 244 32 28
8 3 167 1 35 214 18 115 251 69 42
31 47 1 50 66 39 106 163 231 160 75
5 116 16 30 126 45 126 225 240 249 108
54 24 13 78 56 89 143 117 220 12 15
47 6 2 57 32 37 214 218 248 60 38
31 32 14 75 82 60 135 187 234 164 78
15 40 100 109 144 204 77 144 232 6 17
20 21 41 26 56 113 84 142 239 226 98
20 16 56 55 84 170 105 147 244 19 20
95 27 230 112 84 46 219 250 193 5 19
7 2 23 59 90 158 149 186 253 135 69
46 19 13 54 54 60 32 124 239 94 49
192 137 152 134 97 137 195 180 245 222 105
143 168 130 137 89 55 134 132 249 236 105
29 66 63 27 90 75 60 218 253 169 79
46 32 25 116 150 169 32 154 249 100 55
117 28 113 97 94 205 171 219 254 247 111
101 12 111 84 185 65 60 254 222 108 62
11 20 58 170 87 66 10 127 249 209 93
49 33 26 27 132 192 197 164 241 36 30
26 11 45 27 72 154 77 172 254 107 55
26 79 83 23 154 215 58 221 247 20 25
37 33 28 48 134 174 38 201 247 119 62
110 40 116 45 83 212 57 135 204 0 13
78 79 57 123 121 91 240 250 244 176 88
79 55 43 111 97 134 181 231 253 139 72
99 76 107 50 88 117 111 232 251 92 53
18 13 24 24 21 34 10 112 236 81 43
12 28 31 25 50 242 28 250 249 150 77
78 173 99 162 246 217 219 250 247 213 112
15 13 24 15 31 44 129 214 251 62 38
29 14 9 73 75 80 201 223 239 27 25
47 231 84 66 79 52 104 155 251 110 61
218 159 102 216 207 212 236 249 254 207 112
32 20 7 35 48 44 31 146 229 245 102
16 4 13 38 61 142 55 102 241 55 33
168 55 117 219 116 206 227 137 237 44 40
21 61 87 44 113 164 89 167 242 105 56
55 104 21 89 35 21 181 100 238 94 50
127 95 37 125 118 82 225 246 238 205 99
36 56 66 67 91 93 120 186 235 121 61
72 42 38 86 77 103 160 166 218 59 37
1 11 25 7 41 126 13 53 215 46 29
82 60 28 114 101 116 194 180 245 78 47
8 53 6 19 66 42 28 130 245 232 99
9 64 38 56 112 118 178 196 246 57 38
53 44 17 76 69 90 154 148 240 204 91
32 15 27 40 42 63 92 155 244 108 55
28 97 163 35 64 78 207 248 249 160 80
5 96 51 27 137 105 11 186 235 207 92
13 14 13 25 57 77 130 209 246 137 67
18 37 150 23 37 124 106 148 247 183 83
37 24 39 16 74 95 87 237 254 251 108
16 2 34 41 42 136 244 200 249 90 51
3 40 249 35 138 250 63 231 250 9 24
83 64 89 158 165 224 108 138 222 7 20
13 18 28 69 65 42 129 219 254 47 33
66 113 21 107 195 109 81 255 245 207 100
16 16 28 28 47 47 37 186 253 128 63
23 25 25 35 81 91 37 174 245 82 46
27 20 41 36 84 91 62 219 251 120 61
6 13 44 37 73 68 47 222 253 34 27
125 54 7 252 174 80 251 251 251 19 34
167 134 136 249 231 238 249 237 248 213 117
20 49 59 89 115 143 162 184 242 95 54
236 42 132 107 98 137 135 255 255 71 49
57 18 31 79 93 161 86 144 253 232 101
8 10 93 15 69 185 30 96 126 12 15
41 75 194 60 108 243 64 119 254 146 75
25 4 0 70 27 21 31 83 234 98 49
13 19 33 44 66 95 82 114 148 42 27
20 13 44 27 40 108 75 115 208 52 31
21 187 168 18 177 188 21 162 212 21 27
63 77 62 84 79 63 129 120 203 135 66
31 33 60 27 84 150 16 127 139 18 17
7 57 52 17 69 131 175 152 219 93 50
14 4 17 33 49 83 51 136 247 218 95
40 13 37 56 70 163 129 151 254 35 27
70 85 163 150 178 224 204 213 161 10 25
53 83 110 55 114 188 112 166 245 163 80
60 73 99 105 146 188 183 209 231 30 30
105 40 61 53 50 106 100 169 254 201 90
21 51 62 5 48 81 98 172 230 78 44
237 238 239 243 244 244 246 247 248 61 69
2 10 7 6 20 52 29 77 206 19 17
144 35 66 115 50 79 224 225 247 242 109
71 103 103 38 104 138 69 170 238 106 57
24 24 33 2 81 108 47 221 252 221 98
33 17 93 45 117 219 37 185 254 33 29
14 13 36 31 35 49 25 137 252 29 22
111 147 75 133 232 217 75 233 252 30 38
10 28 5 14 79 63 44 205 246 89 49
25 44 34 18 111 121 50 229 248 255 110
10 5 22 22 79 189 11 106 250 217 95
15 10 14 30 14 46 182 158 241 83 45
40 70 150 63 134 243 180 156 156 8 19
7 6 113 17 50 228 34 84 250 227 100
24 5 252 10 53 231 77 187 255 137 71
14 14 7 15 8 23 59 105 242 223 95
47 57 36 70 91 115 112 149 235 111 56
32 61 36 60 97 117 106 143 236 163 76
222 243 236 43 82 91 156 227 253 106 67
207 238 241 50 92 109 155 230 252 58 47
226 243 238 58 103 109 175 237 247 118 73
224 245 247 63 112 124 170 236 251 223 111
216 241 246 55 93 116 162 229 253 255 120
210 234 244 55 89 112 161 229 254 109 67
3 33 11 30 131 86 36 254 252 68 43
7 38 17 80 118 69 23 197 254 90 50
30 22 41 39 60 84 169 226 254 97 54
141 141 135 223 227 232 230 241 246 131 85
100 16 251 36 54 234 59 169 253 54 40
98 15 253 23 36 226 42 110 171 0 14
86 15 255 33 69 248 58 200 255 174 88
93 24 173 36 40 172 63 151 252 21 21
98 244 255 169 255 255 240 255 249 255 135
29 5 48 43 38 138 92 113 214 71 40
23 11 7 14 22 65 19 86 240 247 103
6 70 131 43 86 83 57 167 245 239 102
4 10 6 114 8 21 248 99 235 56 36
29 33 247 130 199 103 225 162 249 15 27
92 149 168 65 161 198 241 240 122 3 21
33 49 79 44 70 114 137 161 211 77 43
24 13 37 43 47 89 175 197 251 219 97
154 165 199 10 25 80 28 94 239 125 64
162 206 28 70 214 41 142 141 250 48 40
155 237 33 52 228 46 115 120 253 138 79
152 227 37 48 235 47 104 142 250 249 117
178 215 73 104 201 100 173 215 207 13 28
199 223 76 93 212 86 199 219 223 14 31
178 236 41 69 239 46 123 141 252 66 52
187 215 62 98 213 87 192 210 231 24 34
179 136 183 21 245 36 84 117 246 152 82
200 153 197 31 243 39 81 129 247 118 71
211 233 229 79 217 150 129 245 245 250 124
207 142 214 32 246 60 78 141 250 181 94
181 232 238 116 185 158 148 215 201 6 27
215 252 238 137 204 185 172 249 242 204 111
227 170 248 39 255 67 126 159 246 186 100
14 12 8 6 23 51 34 115 186 6 10
27 8 17 110 31 39 101 89 245 13 15
16 12 28 41 15 67 163 106 224 5 12
209 97 252 249 45 251 88 254 252 95 69
3 5 12 93 145 210 87 155 245 241 107
35 19 27 22 77 99 64 213 251 146 71
33 20 23 46 36 87 103 115 234 7 12
44 29 71 90 125 188 148 225 255 255 113
9 20 23 19 44 50 90 169 234 24 21
30 32 58 44 98 133 122 235 254 185 88
39 43 48 248 250 252 252 252 252 52 56
46 14 22 15 55 104 47 169 251 111 57
31 33 31 47 71 104 106 152 231 210 92
13 37 12 22 78 63 45 177 241 207 91
61 12 11 138 48 43 214 145 234 41 30
17 1 7 26 19 11 23 154 250 10 14
4 5 24 27 69 136 142 192 253 246 106
11 14 10 15 13 42 53 88 236 137 63
26 19 49 21 53 66 51 199 252 237 101
34 1 25 1 90 223 29 168 249 48 33
26 25 48 55 86 75 53 226 255 163 78
110 54 37 94 95 137 160 222 246 187 88
51 18 24 47 65 105 99 184 243 214 93
35 28 37 43 52 77 60 142 239 242 101
19 229 26 45 245 81 61 254 237 157 87
54 96 62 155 208 236 43 101 211 247 112
27 20 26 14 127 215 88 237 250 132 69
8 214 26 32 108 98 89 198 246 224 100
19 71 10 40 139 20 80 185 238 156 74
19 55 102 2 51 147 24 109 250 199 88
49 22 15 20 49 49 148 249 252 227 99
24 119 92 119 229 226 153 251 252 79 57
4 243 248 13 227 251 8 182 250 56 52
63 169 15 60 101 50 30 93 253 229 100
56 160 7 61 108 59 27 87 248 192 87
79 203 29 84 133 56 30 105 254 106 57
69 171 6 44 109 66 38 96 244 250 106
90 204 10 74 152 70 39 108 220 53 36
121 4 16 107 51 156 185 163 251 185 87
58 5 85 22 28 235 218 61 121 5 15
12 13 221 12 39 242 39 105 251 66 43
51 91 116 83 98 47 187 205 154 31 26
21 9 164 142 55 226 244 115 249 79 50
8 16 160 9 36 210 17 84 251 84 48
108 57 5 108 101 52 148 233 234 213 98
26 23 34 23 52 58 49 182 250 112 56
248 177 81 251 195 110 223 237 235 234 121
191 5 20 190 64 22 12 197 235 194 91
47 38 81 22 33 86 30 110 240 160 73
22 22 32 38 234 84 9 250 218 163 84
185 220 253 119 158 223 240 231 229 0 28
108 154 178 106 205 235 71 226 236 241 115
73 38 69 41 40 103 80 119 222 232 98
9 9 28 30 252 7 247 229 252 24 33
20 28 54 25 88 96 58 228 253 189 87
232 195 58 39 72 96 24 117 245 23 26
220 228 53 69 10 142 19 251 185 6 22
30 127 20 18 68 17 48 147 254 69 39
64 45 67 181 132 118 228 204 237 234 108
53 24 39 41 50 111 83 136 240 96 50
3 19 31 63 89 128 43 91 235 205 89
120 172 143 58 176 201 13 189 250 237 109
68 92 85 139 139 145 248 215 248 58 43
134 69 44 57 73 104 89 185 253 14 18
55 63 63 105 135 154 187 233 252 249 111
20 34 19 17 32 57 65 98 216 76 40
23 11 32 23 46 120 84 147 250 252 106
23 1 26 42 67 161 134 173 251 63 39
12 11 16 43 29 32 13 103 236 50 30
18 10 25 28 31 52 40 125 234 37 25
19 25 25 30 53 63 121 186 237 60 36
67 10 242 60 235 167 112 237 246 52 45
7 22 232 34 66 96 29 234 243 245 108
246 246 246 246 246 246 246 246 247 11 48
85 245 254 165 254 254 245 254 251 208 119
7 6 4 6 5 35 11 67 240 190 83
87 76 190 86 146 245 103 224 254 103 61
8 7 6 11 13 44 11 69 241 117 57
69 88 100 80 122 160 130 181 246 250 109
190 231 255 240 255 255 255 255 255 32 56
132 150 160 150 169 206 178 188 247 144 79
27 17 10 6 44 74 66 165 240 144 68
67 215 254 210 236 249 160 144 209 16 37
72 2 59 40 44 185 35 121 251 162 77
49 78 100 72 119 162 133 184 248 100 55
9 11 6 104 175 182 20 186 247 170 83
9 32 244 33 110 73 111 254 226 210 97
56 176 195 213 26 241 220 148 226 14 28
132 148 161 135 175 208 202 232 251 184 95
34 187 18 57 87 91 110 128 249 43 31
29 1 22 11 26 161 88 99 228 21 19
13 1 25 16 54 164 92 140 251 185 85
11 2 27 14 41 150 74 122 249 190 85
63 24 148 220 151 88 108 231 254 201 98
247 17 154 238 118 232 254 240 254 14 35
47 74 90 124 171 197 184 227 247 207 100
71 31 13 83 34 41 154 130 240 147 70
3 4 150 4 35 214 29 90 251 104 53
107 142 102 62 86 38 185 233 238 206 96
13 118 229 28 136 252 23 134 253 64 45
8 5 223 13 84 242 66 203 252 68 46
6 54 20 98 27 42 177 69 231 103 53
51 103 56 52 241 253 5 219 253 170 90
11 13 13 159 32 19 224 114 248 71 44
42 52 100 88 79 162 223 164 253 75 46
23 134 1 132 206 67 202 242 223 92 59
10 66 14 17 136 162 28 170 231 68 42
20 16 8 30 34 53 66 115 239 99 51
78 80 19 48 43 19 222 225 245 95 54
117 28 84 84 3 26 208 81 229 27 23
236 203 28 242 231 116 249 250 231 207 115
153 81 86 246 220 253 238 209 254 243 124
59 65 24 35 85 92 96 196 249 70 42
33 28 128 84 84 169 169 188 249 139 70
10 32 132 21 80 220 166 171 223 65 42
14 8 7 26 15 36 12 83 243 89 45
51 40 52 19 84 110 59 214 238 242 105
16 224 190 195 248 222 38 249 250 84 67
92 110 67 52 97 173 81 112 252 95 52
126 196 149 127 225 220 227 225 112 8 29
85 103 132 100 135 185 145 174 220 111 61
37 78 10 87 127 56 158 242 232 56 38
39 42 43 44 73 91 151 209 249 230 101
25 13 49 59 95 167 107 177 247 140 69
34 20 108 61 78 155 133 194 249 134 67
38 224 212 232 108 245 247 243 249 56 54
34 15 17 132 3 233 22 125 253 194 90
40 73 82 71 122 164 108 156 232 179 84
55 47 46 67 82 101 148 190 232 231 101
10 144 108 17 189 190 36 235 236 221 103
74 64 87 72 125 188 103 168 166 58 37
90 115 128 70 121 172 110 169 224 133 68
70 14 13 17 13 47 26 119 244 81 43
60 102 249 141 235 116 201 249 221 213 107
107 162 204 91 103 158 230 183 248 141 75
59 94 105 71 140 179 112 187 221 65 41
96 70 53 88 92 132 57 110 248 55 35
16 11 32 16 70 192 43 122 250 209 93
9 134 1 56 116 64 82 104 237 250 106
22 21 7 32 22 37 79 99 235 124 59
147 18 24 225 66 49 251 180 249 16 26
69 53 144 109 90 160 186 171 248 138 71
13 144 86 64 31 248 130 211 199 47 36
80 110 58 82 95 64 128 152 225 207 92
5 88 119 14 136 189 19 168 241 183 87
79 7 10 94 10 38 172 108 241 133 64
234 60 25 227 34 6 36 99 254 118 65
169 177 4 216 215 73 228 244 225 94 66
90 27 15 60 37 100 57 79 232 60 35
22 19 24 20 25 42 207 223 251 39 30
23 17 15 29 24 28 198 197 201 7 14
129 47 7 179 106 63 241 223 242 234 108
79 122 116 100 184 203 129 156 113 12 22
41 66 130 28 34 84 75 90 137 38 25
8 215 12 4 226 84 8 248 229 165 88
16 20 241 41 29 250 187 131 248 25 27
36 9 1 235 141 49 245 242 247 134 76
32 32 114 53 189 3 144 204 245 115 63
5 1 11 47 78 158 61 133 243 202 90
16 43 82 74 102 139 130 168 237 255 109
16 26 86 79 94 170 122 145 233 205 92
34 90 98 80 136 152 145 182 241 142 71
56 41 79 42 71 176 132 161 250 138 68
146 197 83 201 218 110 85 186 236 115 71
26 43 112 125 161 223 214 216 197 22 28
9 13 23 49 76 113 148 191 247 250 108
36 45 68 56 58 62 111 182 250 118 59
29 26 53 18 28 59 90 158 247 92 49
42 65 153 62 79 149 211 226 250 236 106
27 2 46 12 46 202 63 99 253 87 48
58 152 182 25 67 148 65 116 246 230 101
25 40 123 65 55 76 161 180 239 93 50
83 22 84 13 31 170 4 70 252 203 89
37 11 8 26 6 34 130 89 189 48 29
95 19 11 77 45 69 153 177 250 66 40
42 1 21 132 69 80 193 175 243 41 31
54 14 47 73 50 105 222 195 251 34 28
101 27 33 59 51 133 210 189 252 44 33
162 89 30 243 207 176 247 247 247 255 126
101 162 13 89 156 25 137 130 91 14 19
33 44 14 91 133 116 87 200 252 245 107
6 229 42 36 247 240 49 160 253 18 33
11 39 17 53 210 249 59 252 253 227 109
113 215 202 57 217 249 225 217 242 114 74
57 58 94 65 85 141 132 170 247 69 42
39 6 7 42 5 31 114 94 239 143 66
23 39 12 97 111 60 172 219 234 161 77
6 9 93 27 1 43 114 126 234 124 60
42 63 19 31 82 220 219 142 254 176 84
13 33 22 50 69 46 40 205 253 243 104
22 25 90 213 178 179 228 233 247 220 108
19 3 26 142 64 46 148 161 243 59 37
16 2 34 107 100 174 176 165 246 44 32
11 9 93 3 17 152 33 75 248 160 74
40 68 38 30 69 90 124 163 241 220 96
10 16 1 19 85 124 105 149 140 26 21
12 34 74 48 61 89 172 181 237 210 93
48 5 59 40 51 191 135 165 252 158 75
14 50 184 28 68 214 175 181 252 31 28
9 17 24 28 41 76 69 119 244 122 59
212 58 3 35 72 51 15 231 238 136 70
96 119 15 147 173 129 231 231 249 59 45
3 13 3 3 19 44 19 80 226 54 32
10 3 19 11 35 87 110 169 250 61 37
50 44 8 73 105 91 142 220 247 53 36
12 65 251 12 252 233 137 161 253 158 89
51 14 11 30 27 48 45 125 238 112 54
55 72 70 104 149 175 183 240 254 223 105
8 24 4 67 223 255 18 120 123 4 19
6 9 12 4 13 25 108 158 239 170 78
3 22 17 44 84 108 139 188 240 177 82
8 9 110 18 24 75 52 179 252 248 105
44 0 12 111 49 34 229 218 245 91 52
41 47 11 113 101 50 165 180 240 78 45
14 57 156 65 40 47 39 103 239 198 88
86 102 33 12 93 64 69 230 233 217 97
11 6 97 1 93 214 37 202 253 48 34
9 20 13 21 42 84 81 120 234 166 76
32 52 38 95 152 180 89 181 244 78 46
42 39 46 26 91 177 24 120 241 26 23
9 72 180 74 86 130 196 198 250 227 102
12 7 21 54 79 132 129 179 249 158 75
16 21 31 123 105 81 240 240 242 231 104
2 20 2 22 107 178 7 98 217 25 21
213 166 208 29 28 153 236 164 244 57 43
221 110 34 230 223 91 237 245 253 215 113
70 89 101 124 171 220 240 246 246 120 71
15 7 10 7 23 70 42 120 239 239 100
3 55 95 40 96 179 64 111 243 212 93
8 7 8 22 6 16 6 69 250 226 95
35 15 194 135 81 239 203 207 252 158 81
31 17 58 52 62 144 104 146 246 134 64
14 13 14 11 12 41 70 95 240 218 93
21 1 32 83 85 163 154 164 244 204 91
41 1 31 88 53 101 197 172 240 69 41
97 25 6 82 57 76 144 175 241 167 78
15 6 108 6 41 234 140 104 182 7 15
31 25 28 119 73 77 81 101 249 156 73
17 49 220 209 82 113 232 158 242 142 75
10 33 111 119 94 152 151 92 223 155 74
12 28 12 19 67 56 49 174 238 11 15
166 181 1 249 233 59 237 251 232 78 64
241 243 245 247 248 250 251 251 252 36 59
66 33 90 94 101 170 152 184 252 194 91
8 7 6 14 7 26 10 70 243 207 89
26 63 84 45 119 174 68 165 242 217 96
27 90 70 18 120 124 48 175 160 3 12
38 34 30 16 81 91 67 228 252 149 73
11 11 230 32 44 240 100 135 249 34 30
22 205 247 56 221 247 111 246 250 68 57
173 120 167 216 188 244 254 244 254 236 120
26 62 6 39 60 27 152 168 191 43 28
14 3 126 13 37 208 34 76 253 24 22
79 114 161 129 170 212 166 207 236 41 37
14 35 31 15 94 112 41 197 248 247 106
15 180 6 65 187 104 47 153 235 97 55
25 78 57 50 117 136 77 161 241 109 57
7 29 66 176 210 241 213 237 252 58 50
59 8 242 25 62 228 50 180 255 117 63
64 155 15 156 149 58 214 177 238 210 99
97 49 24 151 115 107 245 226 250 177 88
34 154 55 99 194 98 137 217 206 18 25
95 44 32 59 52 61 39 122 222 213 92
70 54 50 148 124 109 138 171 233 249 108
13 14 15 21 24 34 79 114 187 6 11
250 141 254 254 217 254 254 254 253 97 80
84 2 8 197 34 12 238 130 239 21 24
169 43 12 185 98 69 228 227 250 103 62
88 117 12 105 172 153 118 188 239 138 72
55 4 11 53 2 36 129 78 143 37 23
74 185 16 229 219 52 242 241 239 26 39
23 18 17 33 54 62 73 164 233 128 62
15 23 107 26 23 64 98 159 243 69 39
24 23 13 22 71 68 48 194 246 251 106
82 76 71 93 111 145 148 144 139 38 28
193 9 9 183 49 47 48 96 170 5 15
17 21 41 34 103 138 80 222 250 84 48
226 111 99 243 202 226 243 236 245 33 46
26 14 25 19 31 62 65 145 244 162 75
49 70 63 46 94 112 75 165 224 231 100
25 14 194 46 32 68 37 177 238 233 100
151 5 60 166 11 52 189 82 213 18 21
30 41 101 83 109 187 114 152 243 196 90
40 26 46 44 45 86 165 179 244 72 41
15 20 55 11 33 114 62 112 232 152 71
72 73 53 72 71 93 137 135 219 32 24
234 198 245 205 86 250 69 221 247 35 43
141 235 254 119 160 191 241 216 252 85 63
19 26 203 116 9 35 35 90 239 36 26
10 101 92 17 28 60 192 138 246 118 60
4 8 10 54 65 76 209 229 250 195 91
78 15 18 101 31 31 112 146 246 107 55
51 12 12 39 43 57 167 225 251 247 106
179 37 41 178 49 64 229 154 237 116 63
60 1 113 71 8 168 127 75 249 188 85
50 93 152 192 224 242 241 248 249 233 118
65 72 14 44 59 88 53 94 248 238 100
23 28 6 123 39 45 252 139 251 74 45
3 41 3 74 96 44 146 187 236 212 93
41 8 11 91 28 36 234 175 247 188 86
44 13 29 61 49 94 168 185 249 238 102
116 8 45 71 59 171 45 111 254 206 90
33 31 21 76 134 151 84 209 245 81 48
18 27 19 124 113 67 80 218 254 164 79
47 34 176 26 19 167 18 64 250 162 75
41 112 37 14 71 58 74 216 221 189 85
83 139 25 221 241 129 239 250 228 222 114
13 84 2 50 105 39 85 178 237 200 91
4 43 13 74 100 42 147 213 235 48 33
74 189 175 72 218 223 40 213 237 26 34
50 3 22 33 38 144 76 113 245 194 86
144 193 212 157 231 242 134 241 253 191 105
30 18 28 27 51 102 98 165 251 102 52
51 72 129 123 217 243 234 251 251 253 121
45 70 29 48 97 111 38 131 244 183 81
111 50 50 68 111 175 131 188 248 210 95
41 5 48 47 22 85 132 137 221 77 42
2 55 136 120 155 185 243 248 248 21 29
6 59 70 49 148 214 36 147 241 193 90
19 90 114 63 124 153 135 178 231 247 107
30 6 8 54 89 151 44 137 247 44 29
12 38 10 101 131 144 153 173 245 164 78
15 12 26 18 82 165 159 161 115 7 13
80 129 32 96 138 68 147 161 143 47 33
26 4 5 27 4 34 83 81 136 14 13
90 95 136 74 115 198 154 193 241 74 47
17 38 48 120 138 109 204 201 139 20 22
68 11 39 138 89 148 221 185 245 65 43
92 133 11 23 172 198 26 184 251 98 58
79 40 22 139 107 91 185 201 246 119 64
11 6 5 7 16 37 41 119 230 149 69
179 8 17 9 247 254 4 250 144 6 26
1 9 10 3 65 172 0 63 245 218 95
14 14 179 35 123 234 69 238 251 185 91
20 11 28 11 46 70 51 179 252 224 97
18 13 21 19 39 69 51 141 242 125 60
45 74 12 119 142 80 239 250 240 43 36
19 6 131 28 113 208 64 239 247 254 112
69 25 34 111 60 58 123 167 251 212 92
17 34 40 25 51 65 192 224 244 137 67
51 70 121 131 187 255 217 237 242 232 112
24 19 25 44 56 74 97 168 244 81 44
42 27 23 136 54 81 22 214 255 181 83
168 66 110 230 164 207 244 225 244 41 43
24 15 14 15 15 52 25 85 235 86 45
17 14 6 14 50 50 64 202 249 179 82
92 143 156 166 199 220 214 204 204 18 31
22 13 11 23 40 45 181 236 249 236 103
38 42 55 84 112 161 211 221 245 198 93
190 170 125 90 193 247 245 246 247 192 102
17 3 17 35 45 82 47 122 238 215 92
21 75 30 56 134 103 29 178 231 166 76
