7 58 20 34 169 56 16 243 48 74 26
66 120 90 67 219 141 16 255 152 174 51
4 57 32 35 185 99 9 246 63 42 19
99 63 88 144 139 133 34 241 238 41 21
96 71 118 134 149 135 21 250 215 51 23
39 138 57 203 254 168 66 230 193 19 20
13 103 94 76 235 162 21 251 112 148 46
125 84 133 149 194 176 36 240 219 48 25
79 55 26 100 182 88 45 248 95 101 33
3 103 41 69 240 126 11 252 86 178 51
37 66 52 65 180 124 25 241 144 86 29
76 110 57 83 240 169 6 254 151 253 68
50 54 60 65 168 91 25 245 81 136 39
34 73 37 70 189 137 29 243 174 89 31
35 67 25 25 150 71 23 252 139 140 39
16 69 32 59 202 91 10 246 64 244 61
17 127 39 94 241 162 26 225 168 63 27
43 38 28 74 165 96 40 245 112 123 36
4 110 32 67 231 140 19 224 112 163 47
61 99 40 198 212 80 67 213 95 6 11
66 206 121 136 253 247 54 248 221 246 71
106 155 128 162 254 220 53 248 250 217 66
5 92 36 57 228 120 12 242 80 85 29
225 233 252 160 251 254 71 252 238 226 71
99 102 31 135 241 132 29 253 108 211 57
11 100 36 60 223 111 12 252 90 145 43
59 187 174 247 247 213 96 242 250 2 21
65 209 116 130 254 246 60 235 232 215 65
43 108 45 90 236 129 17 243 90 130 41
9 76 27 102 233 107 29 243 61 65 26
19 107 21 50 180 94 35 235 176 34 18
77 236 147 224 251 206 95 235 223 247 71
33 152 60 84 253 181 23 240 140 252 67
2 122 46 66 233 144 18 233 122 144 44
6 133 54 76 248 163 18 238 136 189 54
4 116 47 71 234 146 21 233 115 224 59
4 90 41 68 226 122 18 247 85 46 21
16 147 55 114 255 179 41 230 135 99 36
18 196 80 89 254 214 35 245 171 243 68
29 160 69 129 254 212 44 224 155 175 53
101 203 127 142 249 237 57 227 219 106 42
20 125 34 79 234 148 15 227 132 246 63
24 45 13 15 63 35 52 138 113 3 8
98 223 161 195 252 232 108 247 221 172 58
95 140 117 161 251 221 38 229 235 197 59
37 59 19 72 224 176 18 229 72 89 30
38 89 49 37 179 104 21 253 166 179 49
33 88 35 87 220 116 24 247 91 97 32
24 26 53 65 180 161 18 224 81 36 18
98 182 220 231 253 247 114 234 175 131 49
17 60 26 97 201 89 44 236 66 34 17
3 114 35 70 234 135 21 235 105 144 43
21 68 28 65 201 87 18 247 58 107 33
10 125 69 92 242 194 33 233 205 64 29
6 94 36 62 237 133 10 252 104 189 53
24 93 19 89 209 130 30 234 173 73 28
18 181 87 101 254 217 30 236 181 231 65
4 106 47 56 230 117 12 252 91 162 47
16 115 99 40 188 189 42 229 203 4 13
37 52 27 125 124 39 40 241 194 24 15
59 92 41 115 236 117 32 252 72 153 45
10 137 49 76 239 161 32 242 169 243 65
1 112 24 53 206 133 41 245 189 39 20
89 141 37 155 245 168 56 250 234 242 67
2 114 42 71 231 138 18 227 104 183 51
28 186 82 99 254 220 37 239 176 244 68
9 126 43 74 241 153 19 228 120 186 52
114 223 135 187 250 239 91 242 224 178 58
53 93 47 63 216 119 10 240 82 118 36
7 102 25 84 232 136 27 220 93 120 38
21 79 38 80 222 136 18 241 108 96 32
4 107 37 69 228 138 21 224 102 145 43
5 114 34 66 232 133 18 231 101 208 55
3 91 34 60 228 119 9 245 78 128 39
8 105 45 70 241 130 11 252 90 255 66
4 96 35 57 227 115 8 246 76 108 35
20 143 53 81 246 180 26 242 180 228 63
9 111 61 63 210 107 34 229 64 9 11
191 229 175 219 252 233 142 229 212 221 68
2 111 40 83 243 173 13 225 139 168 49
33 90 15 63 227 113 5 242 77 82 28
2 97 45 62 226 114 18 243 65 23 16
89 218 164 223 243 200 74 215 208 243 69
27 145 81 97 222 157 52 229 222 19 17
105 229 153 193 251 222 82 233 212 166 54
66 108 13 110 215 111 30 243 188 57 25
9 114 43 123 254 168 42 223 98 71 29
6 106 218 74 234 234 41 242 140 31 23
5 110 29 75 227 136 24 226 115 70 27
6 117 37 71 232 141 21 221 104 71 27
4 119 38 70 236 147 18 225 112 247 64
4 108 31 72 227 128 23 224 96 71 27
110 142 43 122 230 156 52 232 164 15 16
39 161 72 77 234 182 49 241 227 78 33
2 114 23 58 221 125 21 235 128 127 39
22 87 34 80 226 129 13 241 96 111 36
2 96 34 73 236 140 9 231 95 193 54
9 139 109 64 232 192 28 248 207 228 64
15 87 29 75 224 115 19 242 81 108 35
5 114 44 71 232 142 20 230 111 226 59
38 140 16 72 219 109 37 231 155 38 20
16 151 68 93 254 212 44 245 225 76 34
4 95 36 55 229 116 9 248 74 72 27
232 91 36 164 200 205 42 227 244 8 17
152 221 123 195 253 222 88 232 212 103 42
125 219 139 206 247 214 93 224 213 221 66
5 121 25 66 224 136 32 238 160 136 42
5 109 31 76 224 143 31 236 148 104 34
6 116 38 69 229 137 26 224 108 56 23
18 122 40 93 240 146 37 231 116 39 21
78 224 126 182 251 220 84 228 223 224 66
4 110 37 71 231 139 20 227 105 215 57
5 64 31 50 191 84 16 234 48 24 14
17 122 34 90 242 146 28 233 119 233 62
2 88 42 71 237 139 7 241 87 168 48
32 112 33 68 212 120 28 249 146 119 38
122 225 144 212 251 227 110 242 219 164 56
36 169 75 103 254 210 39 230 167 177 53
17 77 17 61 201 86 15 231 58 76 26
31 140 40 59 205 123 54 243 201 20 16
21 82 33 52 197 111 20 253 153 208 55
56 110 17 62 193 92 18 244 147 116 36
55 88 55 84 209 106 15 245 72 245 62
2 88 27 60 223 104 10 244 63 50 21
12 115 61 77 239 172 30 253 176 132 43
29 85 42 42 147 91 55 226 143 3 9
166 141 117 241 254 209 40 240 248 148 52
2 73 36 55 205 95 13 247 59 44 20
18 157 64 90 254 195 41 227 150 60 28
29 51 68 137 136 122 19 204 235 14 13
4 62 33 63 212 108 6 243 68 218 57
4 124 12 55 219 119 29 244 161 214 58
7 104 39 76 236 144 18 247 120 197 54
14 101 42 78 187 95 58 206 63 6 9
47 137 69 154 254 209 62 234 147 58 28
27 100 39 108 247 154 17 231 100 141 43
34 87 43 61 199 109 26 253 126 211 56
59 112 31 130 252 145 30 236 97 219 60
67 61 79 78 163 160 40 237 208 78 29
197 160 130 182 224 225 68 206 226 16 21
74 105 26 106 209 112 23 246 188 234 62
11 77 39 80 228 136 9 236 85 150 44
3 92 46 59 221 117 18 250 93 129 39
4 84 26 47 205 90 17 237 58 24 15
8 27 22 27 140 47 15 234 36 50 19
6 88 36 59 222 102 14 253 73 145 43
87 100 84 141 248 163 28 242 85 229 62
19 124 49 102 253 165 20 227 111 255 66
91 64 11 52 165 66 4 240 72 47 19
24 78 37 86 220 121 24 239 77 121 38
120 96 128 159 205 191 38 230 227 75 32
5 89 43 51 214 117 11 247 97 85 30
49 150 59 105 254 175 26 236 141 187 54
24 56 61 42 138 138 51 214 178 8 10
18 136 88 67 228 194 43 252 245 187 56
23 140 21 84 232 125 23 242 202 176 50
11 142 57 91 253 185 22 223 152 224 64
21 142 55 70 235 179 25 245 227 177 53
17 58 23 99 212 101 34 238 54 52 22
3 99 40 48 224 113 7 252 88 140 41
14 119 32 114 254 158 40 229 117 174 51
51 93 13 67 186 101 35 247 169 69 26
56 111 44 69 240 152 5 253 139 105 36
9 85 111 52 202 120 18 238 78 102 33
2 94 29 57 228 111 8 246 72 103 33
6 98 132 67 246 208 16 239 105 151 46
86 195 110 133 253 240 54 240 235 252 72
11 82 14 50 215 94 3 249 69 133 39
3 112 41 72 234 143 21 229 109 237 61
47 118 132 116 233 236 37 224 231 57 29
16 152 44 112 252 150 56 233 107 25 18
48 164 242 65 180 250 77 192 250 1 17
29 122 56 87 242 143 26 251 111 158 47
36 68 34 65 186 81 19 235 49 18 13
93 231 251 201 253 239 88 243 251 144 55
3 98 36 61 235 120 11 252 85 112 36
2 108 36 65 226 134 17 223 101 129 39
4 106 36 62 224 135 18 223 103 211 56
5 109 33 69 226 133 17 225 103 144 42
94 235 206 239 250 202 84 231 217 249 73
53 193 164 98 253 245 54 242 244 197 62
28 123 19 50 217 141 18 241 184 116 37
50 68 105 19 104 148 38 205 239 17 14
11 73 32 63 219 113 18 249 88 179 49
6 104 27 67 219 142 30 239 157 111 36
31 111 25 100 236 149 29 231 140 132 41
152 220 170 229 245 219 86 220 223 107 43
28 85 36 39 169 134 31 234 205 53 22
4 113 31 69 231 130 20 230 98 212 57
20 145 29 77 241 165 26 248 208 234 64
5 123 35 81 239 141 21 229 112 227 60
21 152 64 119 254 209 34 221 154 206 58
14 134 47 105 252 178 37 226 155 235 63
9 109 30 92 236 137 26 222 91 95 32
92 33 56 73 152 152 29 220 97 27 15
35 101 96 67 215 167 27 253 194 177 52
21 103 38 83 235 120 21 250 83 181 50
51 105 28 115 234 124 45 240 89 29 18
105 60 167 127 172 216 47 220 220 9 10
36 80 37 95 227 114 20 246 68 146 43
38 106 38 100 237 141 24 240 110 226 60
33 92 32 39 186 189 27 240 248 53 25
11 102 23 109 246 158 30 234 140 205 57
5 127 129 64 228 222 25 248 238 241 67
7 51 32 19 143 42 32 236 34 5 8
12 155 60 83 235 138 76 228 113 5 13
51 199 106 115 254 236 66 249 207 104 42
21 133 20 76 236 129 9 244 207 164 49
19 132 40 80 233 154 20 244 232 223 62
161 83 35 202 230 113 57 226 65 14 15
200 147 81 222 249 192 80 226 139 29 23
236 219 104 153 254 245 69 228 212 67 35
172 229 93 133 254 232 53 238 207 208 63
203 146 43 66 184 103 36 247 93 13 14
13 95 49 58 208 148 23 250 179 124 40
27 104 43 75 209 170 26 219 196 85 31
19 88 24 35 175 86 30 250 141 84 28
32 46 35 104 212 148 29 243 142 233 61
60 76 141 39 156 112 24 236 81 54 21
5 115 35 68 232 133 19 230 100 216 57
5 119 34 79 241 147 26 240 128 160 47
20 170 68 90 253 197 40 227 148 69 30
123 234 216 234 253 217 112 235 236 190 63
2 114 41 70 238 157 14 228 113 229 57
18 140 58 102 253 204 29 237 180 223 62
3 111 42 67 232 146 17 224 107 240 62
5 115 44 77 235 144 26 229 108 70 27
101 223 148 205 252 239 130 249 232 177 59
141 193 180 127 235 230 46 223 213 239 68
48 78 68 70 188 95 31 245 82 190 51
68 107 22 97 207 144 47 243 193 197 54
18 31 29 11 119 30 26 237 38 56 19
15 135 46 216 180 196 54 249 125 8 15
26 96 23 47 189 127 29 246 191 211 56
131 161 89 187 255 202 55 232 229 175 56
4 89 29 57 229 113 13 249 74 74 27
12 127 28 71 234 135 33 246 143 136 42
1 94 32 58 231 117 5 247 74 107 34
41 146 73 85 218 174 80 237 215 2 14
44 85 38 152 251 129 42 249 99 33 20
89 223 145 198 253 228 108 228 225 189 60
34 189 90 114 252 223 46 236 179 158 50
17 156 61 95 254 193 30 223 155 236 64
39 70 36 59 196 125 12 242 108 198 52
4 111 33 80 237 146 23 235 120 246 63
35 86 4 153 210 82 19 218 206 64 26
59 64 79 85 184 152 45 250 173 121 38
6 89 66 64 222 117 20 250 74 108 35
64 222 129 167 253 239 84 228 223 162 55
3 78 26 59 233 114 3 253 73 189 52
24 90 35 64 194 110 21 254 191 58 24
103 164 65 103 247 188 28 240 169 255 68
14 72 22 58 196 95 22 247 94 207 54
56 97 55 119 232 134 30 253 157 227 60
24 82 19 58 181 92 14 247 180 212 55
33 113 54 79 200 116 22 221 192 133 40
24 134 49 132 249 165 41 248 240 99 37
33 152 30 102 241 133 63 227 138 19 16
72 218 129 251 251 228 89 248 251 95 43
131 65 146 141 149 152 37 229 242 38 20
75 67 72 74 157 141 43 242 208 160 46
44 73 24 67 206 85 8 245 55 217 56
21 99 38 50 199 124 27 254 169 220 59
42 89 14 100 220 119 38 246 118 104 35
71 68 23 106 172 88 57 233 119 23 14
15 44 30 25 149 49 13 238 40 74 25
29 96 24 42 185 154 26 241 234 87 32
77 79 98 106 194 147 23 247 181 191 53
6 90 36 60 231 124 12 242 78 118 37
26 171 66 88 253 201 33 229 160 184 54
45 185 78 106 252 211 48 234 169 96 36
120 202 108 118 251 243 37 247 253 230 68
32 97 43 111 237 148 26 243 141 141 43
43 96 23 85 194 144 38 222 205 57 24
159 113 40 48 142 171 33 203 251 4 12
5 71 68 73 239 150 7 241 73 186 51
17 72 36 74 217 109 7 248 57 74 27
20 95 46 60 229 116 16 250 89 120 38
19 103 49 56 213 107 36 253 109 22 15
83 233 191 205 252 226 96 251 248 254 75
3 103 36 70 229 129 16 240 101 188 52
15 140 111 68 225 192 33 241 228 127 42
3 107 30 70 225 129 21 224 98 120 37
220 173 187 200 221 241 108 223 249 2 20
63 46 84 109 108 113 27 251 183 70 25
15 65 32 41 172 86 30 246 117 69 25
59 191 105 133 252 236 62 248 231 253 72
22 99 20 55 193 90 16 249 181 112 36
37 154 68 144 254 211 54 234 156 215 61
73 107 75 203 238 224 53 212 227 40 26
134 220 101 137 254 235 77 251 231 106 43
13 93 70 108 247 141 25 241 81 140 43
89 212 119 148 255 240 73 248 217 152 52
2 119 34 74 235 143 16 223 108 240 62
4 119 42 70 237 148 18 225 111 167 48
3 121 41 83 247 151 20 237 109 254 66
4 120 34 65 234 130 15 232 97 202 54
31 135 57 96 242 157 32 230 132 90 32
4 88 29 52 218 107 8 236 66 97 31
4 96 38 56 232 122 8 248 80 115 37
4 66 22 48 189 85 11 232 63 64 23
8 71 27 54 199 105 13 245 97 70 26
1 100 36 73 236 143 13 243 112 183 52
22 108 44 86 246 230 26 231 217 50 28
41 168 82 130 252 208 57 238 163 233 65
10 119 62 76 247 147 16 252 106 189 53
4 66 16 43 195 78 9 238 50 73 25
9 105 39 72 239 122 11 250 81 196 53
104 155 141 155 250 251 82 232 248 11 21
72 121 62 145 249 181 27 246 203 218 62
2 109 41 65 243 126 8 254 84 202 55
140 137 172 112 223 192 46 248 172 196 57
20 126 54 85 247 221 48 236 214 21 20
32 92 27 53 170 107 33 239 227 94 32
11 87 59 82 229 114 33 252 70 110 36
6 96 45 69 234 137 11 253 110 219 58
19 91 15 56 199 106 21 249 152 114 34
48 107 34 109 243 123 31 252 87 195 54
34 97 15 54 181 101 31 233 162 34 18
88 114 173 225 224 136 64 241 174 10 17
42 121 12 71 237 163 14 246 199 163 49
23 115 50 56 184 111 27 239 221 67 26
115 153 143 169 252 235 50 239 251 225 68
89 100 116 89 188 200 38 237 232 44 23
21 89 22 54 198 120 27 253 165 116 36
25 103 29 75 220 131 21 251 158 153 45
2 94 65 52 194 117 11 236 168 80 28
69 164 62 106 249 187 60 247 218 21 20
49 116 25 121 232 129 28 243 175 177 51
1 91 24 52 216 96 10 249 73 81 28
5 96 51 75 236 138 16 251 99 174 50
39 103 37 100 245 131 23 254 100 174 50
27 102 47 91 241 143 17 253 113 236 62
41 121 42 99 231 149 33 231 145 215 57
18 119 36 79 228 148 32 239 156 202 55
24 68 28 59 177 113 33 238 146 87 29
6 111 44 63 243 123 9 253 86 216 58
22 102 29 75 224 140 20 249 156 168 48
44 47 95 26 134 111 33 225 52 23 13
15 105 43 74 237 133 15 253 105 230 61
48 97 45 97 227 122 39 249 107 167 48
7 106 46 72 238 132 16 254 99 145 45
14 81 35 59 224 110 13 253 82 102 33
74 210 161 125 254 235 72 233 213 110 43
21 91 27 89 237 119 18 252 84 169 48
2 92 29 56 228 111 8 248 72 102 33
69 111 32 129 205 94 58 228 144 19 15
11 69 84 94 245 184 9 243 103 161 48
18 80 95 74 199 122 13 249 137 75 27
88 190 107 149 253 237 74 249 240 86 38
42 117 17 50 200 136 29 251 213 114 37
20 124 20 81 230 143 32 242 184 226 60
2 96 53 56 224 130 14 254 108 124 39
47 183 104 130 251 237 57 232 200 120 43
68 94 37 79 189 168 41 221 195 7 12
220 244 195 227 252 227 178 236 216 202 66
8 82 30 52 223 125 6 253 116 173 49
3 81 21 50 212 98 8 230 58 52 21
2 81 20 50 209 94 13 243 71 82 28
4 81 33 46 210 110 15 244 90 52 22
11 41 23 11 136 51 17 246 91 119 34
4 85 29 51 229 106 5 252 77 146 43
6 109 39 74 235 146 19 223 102 111 36
4 110 42 76 238 151 18 226 107 162 47
4 115 37 67 233 135 18 232 102 219 58
21 60 22 61 192 84 10 244 63 103 32
55 38 30 51 131 83 32 240 155 20 13
77 106 23 42 140 93 58 240 238 7 11
163 248 186 156 251 244 81 241 232 145 53
6 98 33 61 228 114 14 252 99 188 52
28 93 34 68 231 110 18 253 84 112 36
73 230 157 250 254 212 99 227 224 213 66
7 76 29 44 203 91 17 252 96 227 58
4 117 35 72 235 145 18 224 111 161 46
3 114 44 81 245 160 15 228 110 246 64
22 149 64 92 254 183 35 227 147 146 45
4 118 38 72 240 143 18 231 102 166 47
32 78 18 45 167 129 23 225 198 45 20
10 114 25 79 226 134 33 237 137 88 31
38 103 44 92 233 120 27 248 79 33 19
157 223 171 221 254 229 132 239 222 235 71
9 110 54 63 241 132 7 251 86 200 55
10 118 37 64 232 154 18 223 102 139 42
46 139 54 95 244 160 32 231 116 72 28
78 196 133 140 253 251 66 247 238 173 58
2 114 30 70 231 135 17 227 112 237 61
2 113 34 74 232 148 18 230 135 253 65
3 120 27 60 216 128 38 242 160 123 38
40 68 85 56 240 119 10 249 76 161 46
107 131 202 59 222 138 29 250 93 48 24
166 104 81 65 227 170 29 249 99 26 18
124 229 161 245 249 212 81 224 221 193 61
43 59 37 27 138 66 31 247 128 128 36
41 80 47 55 208 101 9 243 69 76 27
44 202 105 173 255 243 64 239 202 219 65
19 109 18 78 215 111 18 243 203 133 41
48 140 48 68 240 200 49 233 154 9 15
33 200 117 118 254 233 58 243 181 122 45
23 76 24 76 217 120 23 250 122 216 56
29 60 51 216 180 59 47 207 124 6 11
221 253 231 233 255 239 193 248 235 187 66
55 183 130 106 248 236 69 252 245 105 42
6 67 68 86 238 156 17 241 85 107 36
28 44 32 57 170 115 11 229 116 42 18
38 108 18 70 184 95 40 235 203 26 16
55 176 104 127 250 236 64 251 245 70 35
63 104 86 181 246 142 60 225 99 13 16
70 217 119 164 255 242 60 244 212 177 58
22 139 74 106 254 196 23 219 132 212 59
10 116 39 89 242 148 24 228 105 153 45
52 198 102 168 255 241 64 242 202 119 45
55 99 33 73 225 131 14 253 123 36 19
104 220 187 247 253 222 120 235 218 242 72
57 74 33 81 182 80 27 222 49 10 11
46 146 60 93 238 172 37 235 180 92 34
4 82 29 58 230 110 3 251 65 94 32
1 121 25 69 235 131 24 243 131 191 54
5 95 20 36 190 88 20 244 111 64 24
0 114 41 103 253 181 16 233 125 248 66
2 81 29 54 214 93 15 253 67 46 21
1 111 37 66 226 134 18 230 111 124 39
34 175 90 113 253 220 55 239 203 81 35
23 169 78 94 250 213 40 226 163 150 48
5 112 40 69 228 137 22 225 103 97 33
2 109 37 64 225 134 17 224 102 126 38
16 153 61 86 253 187 30 224 156 231 63
9 90 117 56 215 142 22 248 117 123 38
89 50 28 28 134 56 13 232 47 28 13
66 224 123 166 255 238 80 235 226 141 50
4 113 44 70 233 148 17 224 107 246 63
4 110 29 64 228 126 17 227 93 98 33
16 111 28 121 253 151 38 225 90 101 35
2 119 40 69 237 149 18 232 126 164 48
2 119 35 68 238 134 19 239 101 135 42
4 116 38 68 236 137 20 236 106 212 57
11 67 40 46 193 96 11 250 85 215 55
23 102 30 114 230 138 16 224 168 150 45
13 50 21 39 168 68 16 247 74 148 42
26 138 23 73 227 121 25 247 207 171 51
2 83 26 56 216 108 8 252 93 132 40
16 120 25 74 220 121 42 247 168 94 33
27 102 44 89 231 146 31 249 141 147 45
19 91 25 165 249 134 38 222 103 119 39
17 71 16 114 177 126 36 217 99 61 23
10 72 23 47 189 89 23 251 101 209 55
15 88 17 51 207 96 14 254 123 237 61
104 61 98 127 163 86 58 232 79 7 10
26 100 20 59 202 108 23 250 153 106 35
27 76 24 38 161 87 29 246 154 137 40
8 89 28 56 212 108 11 250 98 94 31
55 103 29 117 237 138 29 225 97 148 44
8 119 44 94 251 157 20 228 103 162 48
35 142 79 108 248 189 43 242 172 232 64
9 111 23 78 226 130 23 227 119 188 52
11 87 29 75 230 125 19 255 115 153 45
21 72 30 59 194 109 25 253 129 67 26
29 137 43 105 254 167 20 228 118 207 57
22 107 82 86 238 150 22 245 93 228 61
42 102 143 137 233 122 51 245 72 34 20
62 214 233 206 247 224 90 230 191 107 43
78 214 159 206 253 234 94 232 184 103 41
13 102 58 89 242 127 28 253 74 111 37
21 83 19 42 160 87 22 240 206 67 26
4 115 31 71 234 131 20 227 95 226 60
124 130 50 94 254 194 18 249 113 94 36
18 144 132 88 229 193 50 252 252 30 23
70 95 77 125 237 184 34 249 172 199 58
31 88 23 65 196 119 22 244 163 97 32
10 75 24 42 199 83 18 252 91 216 57
31 40 39 48 150 95 23 235 125 147 41
15 68 14 64 194 83 23 251 116 185 50
11 89 29 49 206 96 27 253 108 127 38
9 78 33 48 199 107 23 253 120 250 63
20 58 47 30 161 79 28 253 115 166 45
6 63 40 38 185 88 14 253 84 188 50
9 82 19 52 202 98 24 254 133 119 36
13 85 24 50 206 100 18 252 133 135 41
21 32 30 59 172 90 20 235 71 165 45
41 58 22 40 126 137 30 135 88 6 8
13 77 30 44 190 97 33 250 130 113 36
40 69 34 73 195 92 18 243 65 45 20
12 57 42 68 189 154 14 219 143 54 22
7 96 83 67 220 142 19 254 142 161 47
13 89 50 47 203 98 12 252 101 240 62
4 58 21 47 189 78 5 244 52 193 51
41 95 10 39 152 68 35 240 216 37 18
34 84 7 39 149 65 28 239 195 55 22
23 88 20 40 184 90 21 254 170 184 51
6 95 87 60 213 143 19 251 132 95 33
96 243 240 214 253 221 118 242 238 206 66
52 66 47 47 165 112 11 240 134 68 25
27 50 84 31 149 122 25 241 147 64 24
6 101 52 64 230 132 21 253 116 206 57
75 102 27 89 238 146 15 252 140 206 57
3 122 25 61 229 129 22 243 132 206 56
19 129 61 82 231 152 35 239 146 221 60
38 185 89 121 254 232 48 242 206 217 64
105 141 52 171 251 225 66 245 236 168 55
3 84 34 53 213 110 15 245 85 89 30
18 120 42 181 252 143 49 225 160 35 22
20 92 43 48 162 107 60 221 151 3 9
4 117 52 77 240 155 17 224 105 238 63
29 128 44 96 241 151 31 242 130 168 50
37 70 9 24 139 59 23 240 167 114 34
16 65 17 18 140 70 36 244 145 29 15
23 123 25 77 223 124 23 244 196 162 48
5 121 39 72 237 148 16 225 114 248 65
39 100 30 74 233 163 9 244 154 118 39
14 154 56 111 254 203 26 223 157 234 65
8 130 20 64 239 152 20 247 180 211 59
3 129 21 63 231 135 24 236 154 211 57
12 92 43 80 234 129 20 245 86 112 37
9 87 183 54 227 223 32 241 80 29 21
38 169 76 137 254 217 50 230 160 108 40
18 145 57 89 255 184 26 231 164 253 67
1 121 36 81 243 148 26 238 124 233 61
9 118 19 82 230 136 37 234 149 190 52
18 123 29 193 244 91 44 230 157 35 21
16 72 8 47 172 78 33 241 115 45 19
10 83 23 38 196 92 20 253 130 215 57
4 81 81 67 236 154 1 238 67 157 45
11 72 182 45 178 203 34 240 162 9 15
143 79 47 63 91 132 23 123 197 2 8
43 59 51 52 162 103 32 243 136 158 44
64 29 73 90 163 123 30 227 89 31 16
16 95 23 54 209 128 20 254 172 247 63
2 94 32 56 228 113 7 246 74 154 44
5 120 40 81 237 142 26 235 114 148 45
25 140 71 129 254 187 56 233 128 60 28
18 144 105 130 247 235 56 238 231 208 62
2 79 26 56 212 107 13 245 91 79 28
39 127 61 179 254 169 61 235 240 22 21
25 92 24 78 173 98 35 233 233 19 15
116 184 112 238 253 199 64 230 236 45 29
1 81 28 54 210 107 15 250 94 73 27
21 87 20 80 212 125 35 249 153 79 30
28 68 37 35 150 101 31 238 163 32 16
16 42 28 109 202 85 23 237 64 79 28
23 78 26 76 210 104 29 250 107 230 60
137 90 29 70 184 142 10 249 215 65 27
11 64 29 57 194 80 15 243 46 24 15
100 168 158 237 252 241 80 238 253 39 30
13 100 39 97 223 143 22 235 182 120 40
60 72 52 112 199 82 28 243 86 81 29
2 104 32 65 232 126 13 240 90 119 38
25 102 41 72 231 130 5 241 94 186 52
17 75 26 52 196 83 23 254 88 221 57
3 89 27 54 226 109 5 239 64 100 33
74 211 119 159 251 250 67 242 232 153 53
66 235 112 187 252 248 86 221 233 137 50
4 121 53 88 248 162 24 237 120 184 53
8 118 47 75 236 146 23 229 108 155 45
3 106 30 58 223 124 14 244 120 118 38
36 137 52 90 241 165 26 233 149 200 56
14 104 63 69 232 137 17 245 90 70 27
25 161 62 108 255 201 34 228 172 193 56
2 100 34 61 221 124 18 243 108 114 37
66 220 124 171 245 226 95 231 219 179 58
4 91 41 67 245 157 8 248 84 124 39
18 136 53 89 247 173 31 237 170 202 57
24 121 45 60 202 140 51 238 182 7 13
19 113 30 96 233 132 36 235 119 41 21
12 120 40 98 241 137 49 237 101 29 19
3 122 36 72 242 137 22 242 108 217 59
8 132 51 84 245 154 33 242 128 93 34
7 72 30 34 180 85 17 249 99 46 20
22 92 28 94 238 125 27 252 95 182 52
36 112 25 57 210 166 26 241 223 77 30
18 116 36 229 238 81 31 233 183 14 17
191 233 101 150 252 239 93 244 205 69 36
2 94 50 64 231 136 16 254 102 43 22
8 128 45 82 240 143 39 240 119 29 19
98 226 149 214 255 218 109 236 226 255 74
32 124 42 108 238 144 53 232 117 29 19
20 138 55 108 255 165 44 235 124 61 27
32 109 21 122 233 130 56 230 132 16 15
101 229 191 246 253 229 122 248 235 198 64
35 188 81 130 252 228 45 243 197 220 65
17 102 47 81 237 143 22 253 121 229 61
1 103 36 68 228 132 15 242 105 188 53
7 78 48 55 186 86 37 232 47 7 10
78 230 137 200 254 233 120 235 239 118 47
74 212 120 139 253 248 70 234 246 131 49
59 202 112 135 252 243 52 242 222 184 60
24 54 28 81 189 74 38 238 36 13 12
33 142 66 154 255 198 71 227 133 37 20
9 81 18 48 194 152 8 223 178 58 24
16 81 70 120 251 140 20 251 70 202 57
18 73 68 43 199 109 4 238 55 117 36
5 103 41 69 242 128 12 254 88 200 56
9 110 33 87 235 139 25 222 94 144 44
6 128 53 80 240 153 34 241 134 55 25
71 222 128 178 254 233 97 234 223 234 69
4 111 24 53 225 137 14 222 87 129 39
13 95 58 57 131 81 67 129 48 0 5
151 225 204 233 254 238 155 235 221 249 76
12 104 38 72 229 131 20 235 97 69 27
7 110 36 71 226 131 26 223 97 48 21
14 68 47 31 169 103 20 251 140 86 29
12 97 31 57 233 106 10 251 78 207 56
6 126 46 88 252 166 17 231 122 206 58
9 119 29 66 238 131 21 254 133 184 53
8 122 28 77 234 133 37 245 132 61 25
21 169 87 107 254 208 43 233 165 66 30
19 74 22 52 193 98 23 252 122 201 53
13 111 12 96 241 132 26 237 123 123 39
12 103 39 69 232 126 18 254 116 180 51
3 124 36 77 244 137 22 239 100 209 57
22 86 72 72 222 122 26 244 81 118 37
102 225 132 196 254 250 89 240 239 151 54
41 236 100 179 250 242 91 211 213 141 50
2 124 36 74 241 134 22 241 103 215 59
31 148 51 68 230 168 45 249 220 57 26
38 136 10 59 218 126 29 243 172 198 54
3 117 44 72 244 141 17 249 107 165 48
35 105 43 144 229 120 86 220 75 8 13
168 231 215 224 255 233 194 242 223 190 65
88 224 124 187 255 242 87 230 226 231 69
8 119 26 72 223 133 31 229 145 49 20
54 174 75 142 254 215 50 226 166 94 37
8 83 26 65 217 108 16 245 85 87 30
8 119 34 81 236 144 24 232 126 234 62
11 99 33 75 241 122 19 253 79 120 39
162 188 80 182 251 229 58 224 175 91 38
42 144 45 95 251 164 18 224 113 209 58
5 112 28 78 232 140 24 232 126 120 38
109 208 129 165 252 252 102 249 237 169 57
11 103 39 72 241 123 16 253 79 86 31
6 94 37 73 235 122 23 255 83 56 24
4 122 42 75 240 140 24 239 107 158 47
70 220 146 177 254 242 96 247 216 166 57
2 100 39 60 237 124 9 252 83 118 38
11 120 46 74 246 175 20 232 118 48 23
40 107 29 61 239 129 2 253 92 134 42
2 114 43 79 240 150 18 227 107 244 64
28 134 39 72 211 120 51 249 217 24 18
60 92 26 118 125 75 23 123 240 0 8
7 100 60 65 234 142 9 248 98 248 65
4 89 37 58 219 116 13 248 92 93 32
14 147 54 96 247 162 50 238 145 55 26
15 81 81 44 197 151 15 253 186 226 60
48 71 37 41 137 77 35 215 114 4 8
78 195 98 135 253 227 75 251 230 85 38
38 145 57 108 243 165 76 250 197 14 18
69 206 110 151 252 241 62 239 200 182 58
16 120 25 94 240 154 28 232 164 119 39
55 211 103 119 252 230 64 251 206 210 64
40 194 88 112 253 224 52 245 187 221 64
21 123 59 75 206 131 54 222 123 5 11
15 157 53 81 241 161 76 254 203 21 19
87 228 145 211 255 218 100 237 227 231 69
20 126 40 104 246 147 42 224 105 41 21
43 195 94 117 254 231 58 246 187 107 41
29 181 73 100 255 216 37 239 177 170 53
7 122 35 66 234 144 22 230 91 35 20
82 238 173 242 254 215 125 252 239 74 38
30 235 93 253 244 239 68 248 208 162 56
4 103 37 56 226 109 12 255 83 74 27
4 120 48 77 239 151 19 230 110 165 48
23 102 39 60 200 135 30 243 186 101 34
4 121 50 82 241 150 26 236 114 235 62
13 100 63 62 197 152 32 235 188 65 27
118 38 25 102 147 69 37 228 73 23 13
101 74 17 126 159 52 26 231 163 39 18
89 96 33 98 178 87 37 239 164 81 28
84 83 42 104 186 90 34 246 150 86 30
72 77 42 114 203 116 29 248 160 106 35
71 69 43 104 196 119 33 249 146 119 38
40 55 34 75 139 107 44 186 165 6 9
3 87 36 52 216 92 11 253 61 75 28
14 105 18 65 218 121 27 247 155 146 44
23 122 41 96 231 153 56 249 178 204 58
26 146 37 71 219 131 53 230 168 13 14
4 137 55 87 250 162 25 240 121 214 59
1 117 33 69 232 129 17 229 94 134 40
21 159 72 108 255 190 47 222 145 62 29
100 200 137 186 249 237 84 252 243 114 46
10 97 49 63 225 113 21 252 81 176 50
3 98 34 68 235 119 12 250 81 168 48
4 115 18 65 219 115 23 232 114 97 32
6 121 40 71 237 148 18 224 112 173 49
22 135 54 89 235 151 57 240 152 27 18
79 238 131 212 253 250 101 220 240 240 72
50 89 89 126 249 182 20 241 87 192 55
6 112 36 74 227 132 25 225 97 63 25
95 226 143 202 253 234 119 246 228 250 74
3 110 42 64 239 123 10 253 84 221 59
16 56 21 29 156 59 19 242 78 30 15
8 81 31 58 208 99 16 244 73 75 27
19 126 49 55 163 110 49 152 130 0 7
36 39 14 72 84 55 47 79 50 4 6
17 121 32 70 223 121 38 251 172 172 50
41 115 16 103 218 120 35 244 211 77 30
6 87 31 57 220 99 10 253 72 138 42
15 94 37 54 211 105 25 254 113 143 41
1 121 11 62 226 125 25 239 157 167 48
8 77 23 54 200 86 11 239 60 68 25
50 71 20 72 159 119 48 227 201 62 24
45 56 10 51 134 96 52 226 186 34 17
34 46 33 45 153 91 28 248 134 117 35
18 44 30 115 118 76 32 122 165 2 6
16 63 35 56 193 92 25 251 90 207 55
12 95 20 91 239 134 24 250 127 189 54
11 100 17 80 229 114 28 254 135 138 41
11 92 16 101 219 118 33 235 155 81 30
18 66 12 76 206 101 26 248 95 97 32
6 77 22 64 213 104 16 249 93 240 61
6 104 17 94 235 127 27 232 126 151 45
6 83 13 93 230 122 19 243 118 119 38
11 71 21 81 218 115 15 247 100 118 37
12 77 22 54 200 97 23 255 113 104 33
58 52 14 80 145 119 56 214 208 21 14
47 43 20 85 107 104 38 129 201 8 9
49 54 18 62 114 93 55 212 199 29 15
10 56 27 40 175 74 19 248 79 155 43
5 63 25 61 205 99 14 246 79 214 56
10 112 14 103 240 128 32 241 132 187 53
10 81 20 54 205 97 24 255 112 106 34
10 100 22 83 232 120 31 254 143 182 52
15 68 11 49 157 89 39 223 139 41 18
12 83 25 82 230 120 19 252 105 145 44
21 66 36 120 160 89 50 238 221 10 16
30 55 27 61 176 92 39 253 120 52 21
9 89 16 110 224 115 34 239 144 77 29
54 63 13 70 149 108 49 219 176 42 18
45 78 17 85 169 96 40 227 185 58 23
40 95 33 56 191 110 26 249 163 195 53
60 65 32 56 163 89 28 247 130 160 44
50 73 44 65 187 96 28 249 104 227 58
26 78 26 41 181 85 28 252 121 186 49
27 104 26 69 200 118 31 236 157 106 34
44 66 33 56 133 80 57 218 154 23 13
79 68 42 84 176 110 39 253 148 92 31
50 86 32 62 193 93 32 252 125 247 62
37 101 19 61 181 97 37 231 152 83 28
11 123 33 93 246 147 22 228 112 174 49
10 147 46 93 255 174 24 227 130 246 65
14 113 13 64 209 118 34 238 171 87 31
22 119 20 114 244 151 32 253 210 197 56
2 100 37 59 232 116 6 248 76 157 46
21 148 68 101 254 199 28 228 168 161 50
4 99 58 66 235 143 9 249 100 119 39
48 192 109 129 254 242 51 239 206 183 58
13 145 42 81 252 163 27 227 127 203 57
49 103 54 61 199 150 20 239 203 34 19
102 219 143 175 254 224 93 235 212 187 60
1 122 37 75 237 144 22 233 121 221 59
5 123 48 79 236 142 26 233 108 87 31
1 104 30 53 221 125 12 244 121 95 32
2 95 39 57 226 115 8 243 76 94 32
20 142 74 101 250 191 50 238 182 76 31
88 217 163 218 251 216 95 231 217 249 72
10 114 57 85 209 132 38 234 205 35 20
115 232 145 184 254 244 88 250 227 158 55
1 101 39 65 237 121 8 250 76 110 36
2 94 32 60 230 113 9 245 69 81 29
22 42 24 12 124 54 25 242 115 35 16
58 128 81 54 166 108 66 236 171 3 10
95 234 229 238 253 226 142 247 231 250 75
34 109 98 69 209 180 31 246 210 89 33
23 144 51 82 241 172 39 247 197 157 48
5 127 37 71 238 128 23 238 95 54 24
158 125 221 231 245 245 59 244 243 34 30
15 95 23 62 232 109 9 247 67 101 34
23 155 126 85 217 143 38 246 222 105 38
3 85 32 61 224 102 10 249 60 92 32
34 187 85 100 249 223 40 233 177 195 58
62 105 13 109 232 137 19 238 150 118 39
0 108 8 80 232 131 23 227 139 169 49
102 58 21 54 120 85 41 232 190 36 18
117 86 29 84 139 115 53 217 216 19 14
84 79 25 53 131 96 54 235 206 65 25
100 52 37 73 128 101 44 225 183 38 17
7 79 33 57 216 93 15 252 63 249 63
5 100 76 56 222 114 15 251 65 105 35
71 140 45 202 254 162 31 240 245 144 49
32 67 15 53 169 97 34 241 147 141 41
32 74 17 48 167 89 28 239 137 127 38
10 76 53 63 213 110 16 250 70 134 40
35 91 165 98 214 176 48 229 52 4 12
38 176 116 154 254 233 91 233 157 25 22
30 165 89 117 253 230 50 225 162 90 36
1 111 37 83 238 146 16 217 89 88 31
2 117 54 85 244 157 20 219 92 76 29
10 105 93 87 249 168 17 235 81 54 25
17 110 141 110 254 203 24 238 83 25 19
66 221 223 223 247 219 116 237 228 121 48
20 159 88 99 253 206 31 225 148 252 68
2 97 60 79 244 146 8 234 71 125 40
47 67 14 71 158 121 48 225 195 55 23
29 77 27 80 202 129 46 250 161 246 64
33 97 21 79 199 115 36 239 172 206 55
6 116 48 79 246 165 14 221 108 168 49
75 239 182 172 249 227 87 236 205 157 54
4 129 70 80 250 172 15 227 114 171 50
13 90 91 92 235 170 25 228 78 26 18
16 151 148 128 255 235 64 232 133 25 22
101 228 218 241 249 213 125 229 211 247 73
11 141 105 102 255 205 38 228 128 129 42
52 71 18 82 167 125 39 215 186 63 24
29 88 21 67 187 120 34 234 174 181 49
28 87 27 72 207 129 33 251 158 220 56
31 96 18 77 197 113 34 236 169 200 54
14 29 48 27 138 67 14 231 42 56 20
7 101 60 62 225 124 15 241 76 104 35
25 116 147 83 228 159 39 246 81 23 18
102 227 227 237 244 207 149 235 223 230 70
9 106 62 73 240 141 10 249 95 205 57
3 121 58 84 249 168 16 228 110 252 66
29 121 187 121 251 211 49 228 84 17 18
66 236 240 218 251 223 113 240 220 61 35
12 97 107 91 235 173 30 228 72 17 15
76 229 226 215 243 207 123 236 221 197 63
40 103 13 70 198 131 31 231 199 84 31
28 105 15 60 203 128 24 236 187 117 37
22 80 30 49 197 115 11 254 153 214 57
60 104 44 111 239 134 24 245 93 228 61
17 71 131 14 135 166 38 243 242 12 15
4 84 15 39 184 132 24 241 191 88 31
92 122 54 128 242 172 36 246 163 233 64
48 100 19 77 194 126 38 238 178 106 30
3 111 53 68 240 134 14 252 99 223 60
2 106 32 71 223 127 22 223 93 74 27
3 93 26 56 221 100 13 252 74 132 40
88 97 47 90 225 154 15 252 147 166 49
29 105 49 98 241 146 24 251 125 249 66
48 63 110 69 228 115 13 248 87 109 36
4 108 25 77 233 135 18 217 96 150 43
62 67 54 75 149 139 53 215 202 22 14
36 47 47 29 134 84 35 244 143 129 37
38 70 33 58 199 93 18 253 80 82 28
2 119 38 70 236 136 20 234 103 146 42
30 147 52 87 241 196 41 253 250 153 49
69 120 14 104 204 104 34 236 213 111 36
85 167 68 172 254 246 73 247 240 41 28
37 93 33 63 197 117 36 250 162 235 61
31 81 32 73 198 130 38 248 164 233 61
11 62 25 45 186 78 21 252 79 212 54
3 122 36 76 237 141 21 231 117 232 61
30 63 35 171 179 86 37 239 177 48 22
50 89 37 65 169 119 41 231 176 64 24
33 87 42 57 185 119 37 247 165 214 55
33 86 38 86 209 100 29 253 150 241 62
58 41 33 73 164 119 26 242 151 113 35
25 73 72 61 208 118 19 241 74 235 60
12 57 69 56 219 178 11 237 67 79 29
7 73 98 73 242 201 23 244 82 106 37
21 65 27 74 205 124 22 248 125 195 53
31 93 25 56 192 112 29 251 159 207 55
34 95 23 75 200 138 38 239 179 127 39
49 59 11 72 157 114 38 212 160 42 18
58 72 25 85 171 147 47 221 205 33 18
11 62 39 42 186 93 20 252 101 104 33
4 103 38 66 236 120 10 254 82 123 39
34 95 33 90 232 128 25 253 127 175 50
6 128 15 62 225 125 37 250 166 230 61
26 46 40 46 159 101 25 244 130 141 40
67 72 55 79 152 141 57 216 202 24 16
35 77 48 62 190 118 29 249 152 195 52
18 66 30 57 186 95 32 249 107 58 23
34 138 47 105 249 170 42 239 168 173 52
2 102 35 65 237 117 16 252 80 188 53
22 101 14 67 190 98 42 235 169 65 25
8 85 24 61 213 99 15 248 78 60 24
103 87 78 166 144 168 24 236 173 8 13
39 156 61 92 235 190 56 253 248 154 50
21 92 30 78 228 113 19 251 91 149 44
36 155 67 118 245 193 66 253 232 122 44
15 64 39 49 189 92 25 251 93 227 58
23 64 35 118 236 114 23 248 62 81 29
199 229 215 136 243 255 66 246 255 82 41
9 79 35 61 214 101 15 250 72 243 62
6 86 18 57 213 90 10 248 67 250 63
19 96 22 53 209 129 24 254 180 232 61
50 63 58 74 181 128 34 251 145 80 28
31 131 55 79 238 208 24 246 235 190 57
3 114 27 72 230 132 24 230 110 204 55
74 90 92 75 152 149 51 210 197 23 15
28 94 22 95 220 121 25 253 188 151 46
48 140 40 122 241 162 39 250 226 225 64
127 56 84 177 137 91 20 220 190 19 14
101 49 72 165 141 84 21 233 185 42 20
57 60 27 157 137 176 31 252 55 35 19
51 56 46 101 141 162 19 251 40 36 17
42 98 44 96 218 177 39 246 226 129 41
1 67 27 55 204 108 5 238 77 192 51
42 76 70 80 205 147 12 237 115 134 41
7 101 64 58 233 146 18 252 123 108 36
2 97 36 60 233 118 7 247 75 116 37
5 121 37 77 237 138 27 239 111 228 61
12 73 47 45 177 94 44 234 62 5 10
84 223 147 188 253 246 106 244 236 176 59
52 130 80 140 250 196 30 224 212 134 46
13 136 48 90 244 175 37 241 177 195 56
2 115 33 73 236 133 19 231 96 129 39
3 120 35 74 237 144 15 225 110 250 65
3 96 31 67 224 124 16 230 89 119 37
7 91 29 66 226 111 12 240 66 103 34
28 167 72 104 253 203 53 244 200 96 37
120 94 24 51 185 107 9 248 109 39 19
81 236 209 214 252 226 108 251 244 192 64
18 127 51 88 236 164 47 247 168 92 34
18 153 60 95 253 175 45 237 139 54 26
11 127 44 81 250 164 13 223 118 211 58
77 112 28 144 246 139 44 230 87 37 20
4 112 52 76 233 123 39 245 75 17 15
89 216 134 196 246 218 107 218 213 239 69
5 112 43 69 238 125 13 252 88 193 54
16 148 44 81 254 172 26 224 124 213 59
29 111 43 92 215 135 26 206 103 148 43
6 100 8 89 217 99 23 234 133 105 34
40 124 25 91 229 164 36 233 209 108 38
83 235 120 198 254 254 96 216 237 252 73
64 116 75 62 196 113 34 254 131 21 15
53 159 75 123 255 195 51 231 167 60 29
9 126 37 73 227 142 36 231 144 20 16
113 214 206 239 254 228 157 229 217 202 65
12 138 57 89 249 165 33 244 138 130 43
50 153 78 101 243 173 53 239 173 38 23
31 133 62 122 254 165 46 230 101 44 23
44 81 71 124 241 168 26 233 81 19 17
30 139 60 110 254 180 34 227 135 194 56
6 116 40 70 225 146 31 239 153 242 63
10 123 42 90 246 152 20 231 112 165 49
2 125 36 69 230 148 29 235 158 239 63
3 106 18 84 233 133 25 233 112 108 36
21 122 40 97 239 162 30 240 164 128 42
4 108 31 78 226 143 29 232 143 223 59
22 87 27 102 217 147 42 225 131 26 17
61 219 156 184 253 240 90 247 222 149 53
60 96 26 108 230 117 20 240 84 171 49
64 118 46 100 223 145 38 249 172 123 40
7 78 28 44 201 86 19 252 95 227 58
15 80 12 33 141 78 48 242 236 6 11
1 65 30 47 200 81 18 238 60 226 58
29 102 22 51 184 97 36 250 179 66 25
3 110 26 72 235 132 14 221 87 134 41
136 87 39 186 210 142 32 224 225 71 30
7 104 42 75 242 129 16 252 89 255 65
19 118 21 117 236 129 9 232 227 110 37
30 123 38 75 217 127 49 246 149 38 20
80 92 29 100 188 148 47 227 202 102 34
10 97 42 70 233 115 16 252 77 239 62
4 125 42 80 241 145 27 236 119 168 49
125 233 145 233 250 220 100 253 238 178 60
11 112 54 75 241 140 21 253 106 245 64
12 129 45 77 242 152 17 226 115 189 52
2 97 30 65 234 115 10 253 78 107 34
10 126 44 83 242 150 26 230 114 82 30
4 73 30 51 209 88 12 251 58 77 27
3 130 54 88 245 160 36 240 120 117 39
54 202 113 149 254 245 66 239 197 140 49
20 128 18 74 227 123 30 227 127 129 40
59 193 107 139 252 244 62 243 222 205 63
3 111 45 66 242 130 12 251 89 231 60
2 120 39 83 246 148 20 236 105 240 63
16 9 26 8 95 27 24 219 36 20 11
67 222 198 162 254 245 93 251 233 175 59
161 120 210 171 162 213 64 166 230 4 15
55 39 76 54 123 99 44 247 199 141 41
4 107 44 71 240 130 12 252 90 240 63
21 148 49 84 238 159 46 251 195 217 61
55 44 62 58 149 124 24 238 176 74 27
25 76 46 71 206 128 42 252 151 180 51
26 52 50 49 168 98 29 253 116 193 51
42 74 22 28 153 66 27 254 133 72 25
43 25 20 89 116 27 44 196 35 8 7
80 213 125 221 252 231 100 249 248 110 47
8 71 24 28 170 70 15 245 94 57 22
18 114 39 56 224 108 22 253 116 109 36
16 130 40 66 205 115 60 230 140 14 12
13 99 43 66 225 121 22 253 105 100 35
31 132 27 66 216 139 34 234 196 32 19
11 129 56 79 230 137 46 224 98 25 17
92 218 160 183 254 224 99 241 219 196 62
1 89 40 61 225 124 11 244 88 107 35
3 84 28 55 217 90 10 253 57 92 31
190 179 172 184 228 230 118 234 241 2 19
150 236 237 230 255 233 185 247 229 224 72
18 87 48 67 206 110 30 243 84 16 13
137 224 202 229 252 237 173 249 226 224 71
56 120 36 104 210 128 28 224 207 90 33
69 65 23 69 187 88 21 252 95 87 29
4 101 34 65 235 119 19 253 98 195 54
62 103 83 75 223 134 14 245 97 227 59
23 101 62 156 246 175 50 242 201 205 59
48 107 58 59 196 140 35 253 198 140 43
60 78 68 48 193 135 7 237 85 59 23
11 43 30 29 151 65 14 240 81 63 23
78 83 30 89 168 129 41 209 169 51 20
4 73 27 34 182 86 25 254 115 205 54
3 81 32 53 216 116 9 236 80 136 41
34 128 31 78 212 117 24 244 206 164 48
8 95 57 83 248 164 14 254 114 196 56
164 128 173 140 173 231 73 188 239 2 15
37 50 41 42 149 90 39 245 142 144 40
42 98 19 67 174 95 43 245 230 59 25
59 116 11 62 177 91 41 232 179 57 23
9 105 29 86 232 150 28 228 133 238 63
1 68 27 49 195 82 9 241 49 72 25
