25 0 25 106 61 119 230 158 242 63 7
71 31 54 61 93 201 119 169 253 44 5
18 30 67 193 224 247 218 241 250 38 4
32 25 98 78 90 193 111 140 252 175 20
36 95 4 60 135 105 39 144 224 169 20
29 54 83 49 71 113 70 124 238 244 27
16 47 159 44 37 103 100 121 233 113 12
14 1 18 1 64 176 33 159 252 121 13
57 12 22 18 59 95 76 219 254 228 25
22 50 35 86 138 177 82 151 245 145 16
39 21 71 26 110 207 14 183 248 242 27
4 31 35 94 128 146 152 200 247 189 21
7 21 1 147 154 135 46 93 204 86 9
7 29 14 44 83 112 92 140 236 110 12
10 7 8 2 13 78 20 66 240 50 5
11 53 101 46 203 232 10 248 247 57 6
137 157 38 178 134 229 112 42 248 28 3
36 31 27 49 119 163 32 174 248 104 11
88 67 46 92 112 138 113 173 245 196 22
27 64 96 36 123 177 31 166 240 198 22
219 14 221 220 75 199 252 242 251 85 10
10 62 54 2 82 102 47 171 235 203 23
12 51 24 1 75 151 18 159 250 208 23
9 71 83 7 51 102 100 120 238 86 10
8 10 38 32 66 131 108 174 249 253 27
166 192 31 229 247 206 222 237 249 118 13
80 10 17 71 33 87 149 157 246 236 26
25 40 38 44 74 132 105 131 243 255 27
6 46 7 50 109 105 13 116 234 237 26
45 49 14 70 112 133 146 199 244 79 9
5 68 53 59 113 126 136 176 235 251 27
8 24 23 8 9 77 123 93 248 213 23
12 1 24 1 63 167 15 146 252 130 15
5 1 36 6 70 167 16 128 250 94 10
92 136 77 121 164 123 148 192 217 6 1
14 72 42 49 106 129 90 138 240 115 13
1 4 7 109 109 146 51 80 230 164 18
7 8 210 9 47 223 82 165 251 117 13
28 29 183 84 45 172 246 163 254 35 3
24 150 180 40 136 129 184 246 229 16 2
38 13 47 241 78 129 50 85 249 113 13
14 9 13 90 30 88 181 76 249 46 4
100 31 5 103 156 195 197 240 255 151 17
39 19 70 30 29 101 143 159 242 177 20
18 2 118 64 57 195 129 127 247 222 24
109 60 42 100 152 190 50 204 253 112 13
23 24 81 34 58 139 90 143 241 246 27
51 28 4 74 182 248 41 103 135 9 1
8 1 21 7 37 171 11 75 246 82 9
5 9 30 19 91 183 73 162 252 234 26
11 39 31 39 87 133 90 144 245 114 13
61 13 12 163 117 120 200 189 246 57 7
83 102 9 110 157 142 124 178 241 117 13
4 31 25 107 102 82 118 146 242 181 20
24 135 99 49 148 95 52 222 248 39 4
19 42 75 127 186 231 58 172 246 28 3
56 34 106 69 227 105 169 231 253 64 7
66 14 41 23 55 229 149 116 250 199 22
3 41 76 14 119 192 18 159 247 242 26
8 45 46 52 113 162 57 127 230 58 6
34 32 7 125 146 173 52 116 242 182 20
70 105 109 95 154 185 106 187 245 216 24
249 51 238 234 219 252 135 249 243 81 9
132 142 168 167 190 216 198 221 244 60 6
17 16 167 18 23 197 65 88 253 139 16
51 72 89 59 92 110 131 189 240 211 23
65 68 92 82 94 149 126 171 241 104 11
104 127 148 90 128 162 170 211 250 189 21
8 43 144 40 88 191 115 151 253 159 17
6 34 13 30 133 195 168 186 224 107 12
86 204 124 30 97 154 93 77 251 217 24
31 174 186 43 112 160 124 102 225 71 8
28 59 79 50 46 102 184 132 240 91 10
125 50 3 129 32 56 177 83 242 68 7
105 102 138 23 27 53 69 134 232 52 5
39 12 7 47 141 183 136 135 248 170 19
59 76 108 99 124 164 169 199 243 82 9
33 4 6 64 48 77 147 173 244 145 16
28 33 34 23 32 60 183 187 244 92 10
144 40 57 140 65 123 185 149 242 83 9
132 50 26 141 94 113 226 202 245 249 27
99 118 140 130 159 196 176 216 249 174 19
86 121 102 117 166 166 166 211 236 141 15
122 3 25 94 36 191 66 69 248 210 23
27 24 34 62 68 89 208 226 249 121 13
38 31 24 61 67 121 101 112 244 73 8
16 88 169 64 102 183 196 172 251 213 23
21 37 64 49 23 119 151 78 245 196 21
94 12 49 118 68 135 169 149 244 210 23
35 54 128 63 54 147 152 101 238 100 11
137 26 124 153 122 209 149 190 251 191 21
79 133 114 73 122 145 164 184 236 66 7
75 195 202 124 176 226 202 139 241 54 5
75 5 21 68 28 86 158 154 246 203 22
121 184 229 114 176 231 192 230 251 67 7
37 118 111 11 107 97 34 186 237 226 24
7 11 117 79 95 201 70 116 250 176 19
30 144 76 21 113 59 155 234 239 123 13
45 25 44 62 49 113 128 116 240 138 15
182 180 102 109 65 131 211 174 249 36 4
54 144 4 74 105 161 47 67 251 235 26
57 143 170 40 145 226 88 113 241 186 21
148 88 144 22 108 228 132 239 253 173 19
95 86 103 184 184 214 200 204 236 99 11
39 97 32 34 85 190 176 112 250 55 6
105 48 104 57 25 126 140 141 251 151 17
1 75 147 42 114 159 36 155 248 162 18
76 121 146 79 138 180 76 151 209 26 3
27 30 30 31 37 83 60 87 231 215 24
69 137 177 124 191 217 190 231 243 36 4
5 33 178 6 53 216 26 83 243 249 27
1 172 50 56 16 251 16 251 232 111 12
50 107 126 82 161 188 147 210 244 180 20
7 27 31 83 168 240 224 248 251 25 3
123 107 96 99 96 149 95 103 240 176 20
158 107 21 32 175 69 21 64 241 74 8
10 8 16 8 39 120 21 84 245 61 6
20 21 20 17 41 105 27 97 234 191 21
133 79 222 225 224 251 203 244 250 84 9
9 12 112 116 56 72 76 159 245 94 10
18 90 73 84 161 177 146 192 250 90 10
17 26 112 8 50 163 30 109 246 48 5
151 152 184 52 127 223 76 179 254 132 15
117 79 186 172 149 230 220 220 248 155 17
70 71 67 178 63 95 167 88 251 142 16
111 53 169 136 129 195 162 225 247 199 22
76 132 152 79 131 183 14 87 240 168 18
39 96 182 21 70 141 16 96 233 114 13
8 7 6 8 5 69 101 64 240 121 13
5 37 51 37 145 183 37 184 252 125 13
13 9 69 59 95 189 133 172 244 60 6
154 2 25 178 35 58 117 197 251 57 6
75 102 110 48 76 121 111 141 245 111 12
66 85 68 106 165 185 166 222 250 232 26
78 36 100 90 114 109 114 228 215 23 3
19 157 16 19 32 78 111 63 245 115 13
141 123 205 35 77 139 216 217 248 174 19
19 42 10 6 28 79 73 96 247 84 9
7 20 145 9 52 207 17 100 249 115 13
45 61 132 63 89 182 111 146 244 140 16
11 111 8 154 173 81 222 208 229 64 7
38 31 169 111 86 194 87 118 253 141 16
53 28 89 108 75 173 148 90 241 126 14
15 18 30 72 98 152 174 185 247 204 22
217 55 41 66 153 174 205 242 249 126 14
206 116 17 190 177 130 234 251 254 76 8
51 98 2 62 113 122 60 113 245 175 19
77 227 155 218 247 245 245 226 248 27 3
16 31 118 5 39 152 37 114 249 88 10
82 20 131 72 45 185 168 177 254 152 17
88 69 59 127 152 193 162 198 251 118 13
142 91 217 141 140 181 178 228 173 20 2
65 67 90 64 86 138 128 166 247 237 26
42 18 57 65 44 142 66 153 253 231 25
91 168 15 144 2 59 33 178 248 157 17
25 1 26 29 44 167 143 145 251 142 16
119 207 239 95 153 228 236 194 252 121 13
41 98 58 140 228 230 162 235 223 11 2
56 20 37 53 56 117 31 100 241 239 26
116 80 124 115 76 127 178 147 197 34 3
66 80 151 9 32 130 40 76 164 47 5
17 10 21 62 86 121 211 236 250 59 6
12 6 58 40 37 98 207 226 251 62 7
24 44 125 132 151 200 68 159 251 236 26
66 66 79 82 99 137 143 182 245 255 28
139 189 171 160 211 196 186 209 168 21 2
43 31 3 101 99 77 48 71 129 40 4
111 50 194 59 54 174 102 125 143 6 1
36 47 201 62 76 184 110 161 251 28 3
124 148 193 149 183 217 186 210 233 47 5
91 125 148 115 146 175 170 196 235 78 9
63 55 99 5 18 113 3 41 155 34 3
39 48 46 96 124 158 127 170 238 102 11
73 157 30 107 17 191 35 226 241 232 26
224 190 221 65 84 187 237 207 245 156 17
101 116 151 122 154 196 179 210 253 190 21
85 79 15 148 116 57 191 132 150 31 3
31 88 198 68 71 170 207 152 240 48 5
66 85 114 105 138 169 170 194 213 59 6
2 23 95 135 134 175 29 87 222 62 7
26 13 30 24 24 87 149 172 252 179 20
89 169 6 64 112 81 48 83 238 104 11
115 176 173 164 203 173 220 234 181 31 3
90 137 46 131 162 92 163 209 237 201 22
74 84 31 144 153 73 207 237 210 47 5
46 3 75 157 137 188 237 217 163 8 1
31 64 9 58 93 86 131 167 234 166 19
9 22 69 49 76 136 132 171 245 106 12
66 81 78 88 122 173 50 103 232 100 11
40 57 16 72 98 114 129 152 231 186 21
37 3 2 71 46 59 177 183 208 45 5
5 12 39 97 126 151 215 238 249 123 13
54 63 26 61 108 119 159 183 144 14 2
92 58 61 120 131 180 141 186 253 177 20
81 108 104 85 113 157 103 131 249 216 24
155 187 213 190 216 237 219 240 252 146 17
118 140 175 99 104 117 28 137 247 216 24
23 36 219 112 70 139 220 207 242 73 8
158 57 90 132 119 217 52 103 216 29 3
100 102 51 68 176 202 207 225 153 20 2
63 63 92 78 96 148 156 184 251 209 23
21 103 151 23 114 173 76 178 247 230 25
22 92 24 21 114 100 69 181 228 177 20
19 51 18 46 76 68 67 134 229 97 11
25 63 195 34 37 135 215 185 246 222 24
25 80 129 82 150 191 172 219 250 124 14
82 132 169 117 175 198 154 189 194 62 7
84 110 65 119 198 199 144 184 142 33 3
41 91 50 91 145 159 98 144 221 163 18
41 74 83 33 89 130 85 92 87 10 1
19 27 6 42 29 56 81 83 241 87 10
67 122 35 19 101 92 55 145 213 81 9
99 123 140 152 18 42 211 66 244 120 14
13 15 166 32 49 178 116 167 241 219 24
38 99 157 102 153 186 162 193 209 68 7
88 77 68 110 109 112 218 225 238 214 24
77 22 21 114 68 93 210 199 250 216 24
57 76 35 31 140 208 92 194 249 183 20
72 111 103 106 157 138 185 223 191 53 5
67 19 27 58 31 45 20 133 249 202 22
96 159 184 147 193 206 194 220 218 31 3
85 55 75 102 92 145 161 178 249 101 11
86 94 82 100 111 143 146 151 234 62 6
102 149 138 103 181 183 98 197 212 74 8
53 28 78 77 61 109 113 142 242 243 27
103 93 68 118 114 133 173 170 244 213 23
114 132 134 94 140 163 172 212 225 64 7
150 150 169 112 83 196 216 216 225 35 4
66 79 109 82 86 148 177 156 244 226 25
43 63 20 160 187 200 139 159 237 227 25
50 128 94 166 244 215 224 246 156 6 1
98 142 47 130 230 203 92 195 164 41 4
232 244 254 243 250 254 254 254 254 147 16
181 183 72 85 111 124 51 97 235 168 19
116 127 164 118 140 184 156 192 239 79 8
11 50 43 80 125 160 132 162 246 110 12
89 125 126 80 136 150 150 183 157 32 3
65 135 131 108 108 183 179 100 250 156 17
10 82 101 37 107 150 104 172 247 152 17
33 64 44 135 180 181 165 221 246 138 15
133 162 156 131 157 118 191 234 217 39 4
38 20 39 32 68 119 81 177 250 123 14
89 128 135 114 59 84 216 122 244 137 16
37 42 92 82 98 158 166 188 248 128 14
47 54 112 80 93 169 157 171 251 197 22
57 67 121 80 98 170 168 184 250 140 16
41 63 140 86 141 209 124 216 253 167 19
90 138 31 90 132 101 183 212 253 127 14
71 122 81 70 122 123 147 197 244 224 24
114 75 62 180 140 172 182 142 242 133 15
40 11 76 143 144 227 196 180 180 21 2
27 7 67 156 159 230 193 195 252 87 10
143 127 43 157 169 124 226 242 199 19 2
32 21 251 102 117 253 186 217 253 72 8
77 101 111 76 143 207 123 182 249 236 26
140 15 43 135 57 182 119 84 248 181 20
12 42 118 26 72 158 61 133 241 161 18
43 43 25 58 115 145 100 203 250 136 15
77 72 143 68 92 204 88 126 251 249 27
20 72 76 29 100 131 86 179 243 235 26
51 42 70 31 147 240 110 202 253 226 24
112 133 121 104 116 143 159 154 235 190 20
105 36 32 105 67 91 231 209 223 11 1
16 44 20 102 141 129 31 136 244 39 4
51 94 22 84 119 85 59 123 217 109 12
70 79 106 99 122 164 161 190 234 127 14
25 10 28 177 85 75 17 121 255 246 26
25 1 15 193 113 112 54 144 252 120 13
23 8 31 30 63 211 50 91 234 165 18
19 38 63 33 81 142 82 150 245 180 20
33 91 148 91 93 146 236 147 133 2 1
39 81 79 101 151 152 215 243 221 19 2
34 75 39 53 35 90 154 77 244 254 27
56 10 121 77 24 93 215 216 248 136 15
81 88 166 29 41 121 112 141 239 198 22
101 125 177 156 173 217 203 212 245 152 17
17 111 142 53 123 159 106 124 170 35 4
113 128 88 129 154 71 48 203 183 27 3
65 99 38 101 175 157 174 209 142 3 1
60 58 47 86 126 162 131 185 237 164 19
66 94 110 102 129 140 58 149 241 157 18
5 16 3 39 52 74 162 160 245 158 18
51 74 88 88 114 142 163 194 240 74 8
11 22 76 32 227 196 210 220 226 50 5
125 100 85 113 128 127 100 156 163 27 3
98 99 34 114 138 131 115 162 234 116 13
19 30 35 17 47 224 153 233 177 29 3
20 6 27 6 63 184 124 180 251 158 18
144 185 58 171 196 203 164 133 227 65 7
107 124 113 119 148 201 80 110 238 69 8
90 54 27 139 124 115 188 208 232 92 11
48 52 143 126 146 247 65 109 241 75 8
6 35 96 123 151 194 70 144 238 214 24
105 111 123 115 134 168 150 179 240 100 11
19 23 14 64 53 155 131 64 249 107 12
24 94 70 94 153 145 183 223 236 177 20
88 132 60 151 205 198 156 195 239 181 20
21 57 63 80 141 176 50 148 233 145 16
43 37 77 77 89 152 127 155 236 102 11
30 123 129 42 163 185 32 183 227 71 8
58 75 54 59 119 153 91 177 236 71 8
56 78 102 113 135 157 162 181 199 30 3
52 77 93 89 137 172 109 183 241 189 21
53 47 74 76 93 139 116 156 236 80 9
122 85 109 105 91 146 189 188 252 145 16
103 34 78 188 161 210 56 122 239 154 17
68 90 151 90 113 175 156 169 231 50 6
54 63 45 105 145 136 68 180 241 251 27
42 53 79 134 103 121 182 92 91 1 1
22 52 128 64 98 168 169 196 254 231 25
62 67 71 81 106 181 57 91 241 196 22
13 3 39 34 62 169 71 126 250 197 22
45 158 87 74 204 170 103 214 223 30 3
114 195 148 186 131 105 142 97 240 78 8
95 189 138 162 122 99 138 106 245 214 23
49 72 121 83 87 145 192 151 224 47 5
26 96 100 57 135 161 134 208 250 250 27
170 157 88 194 161 109 45 108 231 144 16
5 23 28 103 108 117 145 151 240 239 26
21 21 9 211 235 245 165 217 250 39 4
23 70 111 68 102 168 142 151 249 118 13
57 88 92 86 120 173 52 88 219 58 6
20 88 84 42 114 190 83 132 247 226 25
121 121 80 85 162 116 200 240 237 53 5
12 58 64 105 170 187 139 213 242 87 10
122 10 6 95 24 79 92 87 203 42 4
118 61 193 175 151 194 222 236 167 13 2
47 106 78 69 167 230 137 185 253 161 18
77 10 64 9 106 82 160 184 247 145 16
7 12 41 47 71 104 193 223 251 224 24
25 32 43 132 168 201 173 210 247 126 14
78 136 16 86 153 91 176 237 246 229 25
97 19 173 60 32 156 182 221 251 83 9
96 39 45 129 37 46 40 72 233 56 6
51 121 5 23 221 243 213 239 229 35 3
10 43 130 82 111 183 115 156 245 251 27
7 45 26 88 119 177 114 114 250 219 24
30 54 36 44 59 65 97 138 238 101 11
152 72 78 130 107 181 173 171 253 156 18
175 17 67 57 34 156 198 171 239 102 11
54 102 134 76 110 122 135 195 242 229 25
119 210 209 78 133 147 189 198 234 61 6
45 95 15 125 158 100 148 196 237 232 25
24 28 10 132 137 146 110 144 245 154 17
10 5 28 64 59 112 82 123 220 211 23
115 191 81 20 60 226 66 137 246 63 6
75 129 13 72 175 150 113 190 175 50 5
73 183 122 104 157 150 173 147 199 17 2
104 75 116 87 59 98 216 193 238 73 8
22 29 141 126 124 101 64 207 229 184 20
53 71 4 113 144 84 109 198 217 174 19
91 13 7 137 74 69 226 212 168 9 1
9 15 30 77 102 125 192 223 251 144 16
24 78 20 47 95 68 124 176 206 69 7
98 132 135 105 139 182 104 134 248 104 11
14 84 2 47 95 111 104 124 245 112 12
17 55 45 19 105 131 33 175 245 146 16
7 34 34 21 124 195 172 207 241 150 16
115 87 64 154 142 118 152 200 245 155 17
15 94 36 48 139 138 69 156 237 199 22
12 50 115 38 100 173 175 215 249 80 8
38 32 59 41 54 115 107 154 242 248 27
55 41 13 80 84 72 204 228 225 30 3
48 102 88 108 167 209 69 124 228 118 13
10 36 85 39 79 139 108 162 239 54 6
36 38 34 28 52 103 71 114 229 220 24
84 127 33 33 108 105 58 164 241 210 23
118 142 164 161 187 208 198 220 240 56 5
136 30 25 123 60 60 187 186 180 26 3
96 76 44 104 127 148 189 226 251 136 15
59 45 82 89 75 135 184 173 232 81 9
113 77 56 144 139 93 191 213 138 15 2
56 130 78 71 125 140 160 181 254 162 18
13 94 53 44 77 129 139 119 252 112 12
97 34 161 193 181 241 187 229 212 28 3
109 105 110 121 136 166 177 205 250 116 13
105 113 40 69 52 112 96 38 225 79 8
43 99 57 110 87 101 194 96 238 142 16
76 84 98 124 143 179 162 202 240 37 4
88 119 148 92 140 173 175 198 168 29 3
115 151 59 152 200 136 206 243 179 41 4
37 96 134 57 114 152 172 217 251 71 8
6 58 104 49 141 202 64 179 249 116 13
41 70 90 55 113 139 235 204 82 0 1
16 9 110 27 20 108 107 131 237 230 25
45 124 117 26 81 86 184 210 234 65 7
2 53 41 22 75 91 31 107 229 98 11
7 7 7 85 124 168 112 162 229 95 10
16 37 14 84 132 165 128 161 249 210 23
13 82 82 37 115 152 92 156 237 188 21
53 48 83 121 136 192 159 182 247 160 18
98 99 115 130 147 179 186 213 253 170 19
59 74 130 72 104 176 102 154 245 180 20
40 106 127 65 150 174 232 222 102 0 1
61 87 91 111 95 82 149 85 96 14 2
89 151 155 133 183 161 186 215 173 25 3
39 53 119 14 14 79 98 123 186 31 3
9 76 48 83 119 105 143 175 239 118 13
44 46 93 52 69 130 113 152 243 238 26
150 90 174 108 88 182 238 228 254 18 2
72 103 155 119 144 190 198 215 251 34 4
113 108 120 122 129 168 181 202 249 79 9
112 60 176 110 84 195 219 194 207 11 1
32 33 37 6 62 128 69 164 253 229 25
75 134 160 169 183 229 208 138 215 18 2
7 2 21 43 63 107 167 205 253 240 26
123 151 181 116 149 170 162 201 213 26 3
40 126 147 52 155 194 54 181 246 251 27
25 21 50 93 121 178 179 206 253 204 22
49 52 102 51 68 142 91 138 238 58 6
21 3 6 45 128 210 34 152 252 247 27
86 100 17 67 88 115 73 98 238 149 17
93 78 19 0 73 87 13 179 246 146 16
39 59 137 124 150 210 189 203 252 110 12
32 9 112 97 47 181 159 112 246 166 19
61 63 42 14 87 161 214 244 254 209 23
73 39 11 81 53 76 159 136 239 37 4
58 61 180 135 144 213 183 197 206 29 3
58 98 118 112 172 192 106 167 185 54 6
103 86 59 146 155 163 182 212 245 177 20
13 17 7 41 74 72 82 183 247 112 12
91 98 93 59 84 111 114 137 175 2 1
40 111 117 74 145 163 166 219 251 245 27
56 50 133 84 67 130 107 125 238 149 17
71 91 83 35 95 181 47 99 244 226 24
38 58 100 59 92 146 124 168 225 49 5
111 111 85 115 98 86 216 192 235 76 8
85 141 67 68 132 114 134 193 241 127 14
19 91 88 88 145 165 148 178 230 131 15
36 33 30 66 87 121 117 154 227 131 15
212 226 240 215 229 243 221 233 247 28 3
108 31 46 106 82 169 146 136 251 159 18
40 41 105 80 88 161 142 158 239 235 25
54 38 8 166 149 102 231 214 153 4 1
6 11 106 92 101 208 201 175 227 21 2
19 11 104 60 41 152 160 142 252 188 21
47 62 85 75 102 143 146 183 247 145 16
82 86 43 139 143 115 189 155 151 9 1
59 33 41 68 69 111 153 184 249 223 24
48 55 46 52 64 106 127 136 243 185 20
48 36 38 88 98 124 148 182 241 132 15
12 9 9 39 100 178 179 217 249 150 17
89 22 104 107 53 138 198 161 246 195 22
118 193 165 64 128 124 39 129 236 84 9
83 11 149 62 63 234 56 111 243 124 14
32 25 35 63 61 99 5 68 239 189 21
68 10 175 84 71 231 49 101 240 122 14
68 74 77 121 162 207 220 226 232 119 13
68 10 20 72 62 116 77 127 232 179 20
71 31 23 86 67 74 205 214 237 189 20
81 163 37 90 130 137 88 80 244 167 18
68 101 106 102 150 163 60 166 242 87 9
97 120 115 78 107 159 109 133 246 127 14
167 145 129 85 105 122 37 137 240 143 16
3 23 4 53 103 78 117 212 240 76 8
24 66 89 51 77 106 205 207 247 101 11
58 49 44 97 115 147 124 164 228 119 13
149 173 192 208 227 243 227 238 243 32 3
15 35 21 40 100 107 73 157 174 2 1
14 9 14 10 33 96 32 113 234 167 18
84 159 19 84 163 76 165 236 230 123 14
125 193 34 111 194 100 138 235 226 25 3
46 56 59 92 122 148 169 180 196 27 3
19 12 31 26 79 166 66 147 253 235 26
155 67 152 105 25 121 203 137 244 224 25
133 156 69 125 160 115 157 209 228 115 13
121 162 60 122 176 141 160 214 248 235 25
85 96 49 69 42 121 171 178 249 236 25
78 1 18 72 26 77 180 186 249 225 24
94 111 131 89 126 161 162 201 250 141 15
107 100 154 69 74 137 177 194 253 122 13
8 27 141 12 102 165 117 197 239 69 7
101 179 61 118 219 219 180 220 244 87 10
120 16 9 36 8 61 162 176 254 152 16
87 110 11 20 130 204 132 106 243 131 15
8 3 10 4 4 24 61 77 97 15 2
16 31 196 1 97 210 31 228 250 107 12
1 132 23 36 1 254 1 252 243 212 23
76 94 138 87 130 187 142 197 244 212 23
8 54 26 20 68 80 117 169 240 149 17
7 7 35 26 20 93 150 128 240 232 25
194 31 90 215 42 93 240 127 245 74 8
176 10 31 166 63 151 199 134 249 158 17
8 23 7 29 59 77 29 112 242 252 27
20 5 47 149 54 58 225 206 160 12 2
3 89 6 79 120 126 136 127 246 182 20
57 41 77 52 67 141 116 159 251 226 24
180 44 88 191 62 71 99 213 250 54 5
13 33 63 151 89 245 47 230 227 169 19
168 13 17 25 63 240 61 89 250 27 3
10 110 84 58 163 176 173 229 250 137 15
13 129 184 4 147 170 13 204 180 28 3
51 75 55 93 121 144 150 170 241 143 16
194 174 142 155 196 236 230 242 242 47 5
126 201 183 55 205 237 206 209 234 53 6
79 63 68 76 69 128 129 126 243 218 24
124 109 126 45 35 108 100 88 240 159 18
5 6 18 150 177 212 41 135 241 89 10
31 66 68 51 98 140 107 148 239 231 25
102 89 66 148 149 132 145 201 246 118 14
71 82 3 59 81 39 139 159 166 57 6
125 178 229 119 103 134 59 125 230 118 13
78 2 19 135 9 87 202 62 248 88 10
123 45 72 154 112 188 128 121 244 176 19
5 62 51 38 133 89 10 207 248 190 21
23 15 50 15 23 100 27 94 242 183 20
37 77 16 59 142 122 73 208 243 230 25
89 238 67 239 251 237 251 221 251 30 3
25 17 15 22 18 70 21 57 234 164 18
214 44 20 243 177 213 237 227 245 87 9
200 18 175 106 166 203 44 145 229 50 5
30 97 43 163 147 61 147 144 85 3 1
82 73 31 59 73 65 201 230 247 185 20
56 13 56 64 57 164 76 110 246 151 17
98 40 8 155 162 99 161 206 220 82 9
22 23 27 48 94 146 111 185 248 107 12
83 105 135 123 159 182 198 226 241 19 2
18 51 141 36 66 124 95 149 239 27 3
22 49 125 32 73 159 120 163 245 248 27
18 83 22 78 102 155 97 73 238 146 16
5 6 6 12 5 53 4 20 236 148 16
25 118 144 50 112 159 143 161 236 144 16
45 20 68 47 21 106 141 127 237 187 21
19 45 102 79 94 129 67 139 233 91 10
54 132 169 56 184 137 58 182 244 98 11
5 30 125 126 204 98 214 128 247 120 14
53 14 64 15 36 172 14 67 232 171 19
25 88 71 61 130 147 106 171 245 169 19
212 216 222 239 241 246 253 253 254 53 6
31 70 134 113 155 193 199 212 221 38 4
21 78 107 69 133 173 121 188 244 248 27
80 59 72 103 87 121 190 177 224 53 6
71 10 21 52 21 64 189 187 253 153 17
80 3 31 63 117 254 85 119 242 11 2
13 30 102 53 75 147 156 184 247 250 27
82 75 37 179 198 194 182 223 244 130 15
33 25 27 54 38 84 152 127 243 95 11
46 26 45 61 113 224 133 166 251 128 14
22 75 81 89 154 168 163 208 233 59 7
66 24 107 62 172 146 117 202 253 239 26
21 61 104 59 97 181 149 144 243 70 8
64 4 85 6 21 139 45 141 254 119 13
23 4 11 10 40 110 36 144 253 179 20
12 34 40 25 75 153 78 115 243 103 13
93 124 128 98 153 150 105 207 251 212 24
44 84 128 84 155 206 137 210 251 232 25
16 34 100 76 112 187 131 171 248 205 23
107 121 108 120 150 194 134 154 244 93 10
32 25 55 79 85 142 153 171 238 152 17
45 30 149 105 100 220 166 149 247 49 5
17 5 60 62 52 120 169 161 245 107 12
99 84 134 127 113 167 206 193 248 138 16
124 173 92 103 32 232 120 53 248 216 23
132 114 164 113 111 173 140 165 251 231 24
147 220 220 137 226 220 50 167 131 1 1
82 144 163 105 166 185 134 191 206 37 4
123 33 201 188 200 242 213 250 240 254 28
37 66 87 80 125 173 124 188 241 155 17
47 62 23 52 97 195 36 70 253 217 24
67 89 88 102 136 154 138 190 245 186 20
8 6 9 6 20 52 29 68 135 21 2
63 40 37 43 84 140 57 151 250 159 18
94 35 149 22 25 84 78 217 253 98 11
26 16 107 23 12 95 59 86 221 83 9
75 52 52 26 50 84 51 150 253 103 11
65 41 71 4 42 82 60 204 247 168 19
18 168 15 47 205 64 218 185 253 42 4
6 37 54 34 63 143 187 150 243 123 14
95 119 56 131 146 90 170 212 237 73 8
21 8 116 24 25 157 80 116 249 115 13
42 8 93 96 49 108 158 141 242 219 24
53 10 27 29 148 244 107 157 248 235 26
14 10 74 14 16 119 101 120 239 125 14
73 83 104 102 134 188 157 183 244 190 21
66 74 89 100 121 159 147 190 234 59 7
60 98 112 95 129 136 164 189 185 51 6
100 81 148 137 121 194 184 180 252 216 24
66 193 26 67 102 138 132 104 246 29 3
109 120 46 83 54 93 170 93 243 191 22
121 163 167 57 169 228 217 243 246 50 5
113 115 145 81 73 143 169 141 241 195 22
83 89 101 47 103 152 62 170 253 224 25
94 157 160 125 182 214 128 171 249 235 25
80 120 143 81 155 204 211 182 148 20 2
136 5 183 133 192 51 198 253 242 190 21
58 31 80 82 139 207 242 249 168 20 2
77 202 56 88 203 78 51 160 126 15 2
94 161 176 153 212 216 211 226 160 12 2
60 10 44 103 62 102 108 124 235 200 23
57 100 16 58 122 59 122 40 249 242 26
96 74 110 25 30 111 152 175 251 100 11
87 64 121 119 82 115 180 158 222 99 11
65 61 4 102 180 197 56 165 188 38 4
37 82 32 30 124 137 122 216 249 247 27
25 34 21 42 45 67 63 92 223 49 5
54 124 161 16 96 194 27 84 220 60 7
58 49 90 14 66 191 143 124 152 21 2
13 47 157 76 90 154 155 175 241 108 12
25 108 75 59 169 163 128 226 205 36 4
18 29 27 67 80 91 205 168 118 10 2
50 52 57 108 136 163 172 207 243 186 21
97 151 89 117 182 174 162 211 244 167 19
16 35 135 20 56 173 57 113 248 244 26
17 27 79 77 91 156 118 141 236 203 23
47 136 33 100 185 120 206 241 234 44 5
74 89 139 55 92 168 140 191 249 139 16
73 83 144 51 80 162 151 192 252 93 11
48 95 134 112 125 101 56 170 251 208 24
51 73 116 39 115 187 23 152 246 246 27
42 51 76 77 109 156 121 164 237 221 24
61 110 124 131 188 193 194 208 145 14 2
74 74 74 138 138 187 130 129 245 236 26
72 72 77 137 135 182 132 127 243 140 15
81 102 180 136 121 218 190 122 250 65 7
22 25 47 90 104 134 205 222 246 129 15
41 40 54 98 131 126 145 177 232 122 14
45 39 45 82 117 120 141 170 228 98 11
73 81 98 89 111 149 146 191 248 81 9
45 13 38 78 64 123 122 147 240 163 18
43 20 72 76 81 156 120 157 252 233 26
48 32 81 74 86 158 119 160 251 246 27
44 52 81 90 119 158 119 151 194 118 14
101 129 122 128 185 200 90 191 244 183 21
67 145 148 118 182 203 132 167 221 81 9
36 60 42 34 64 98 93 143 235 224 25
66 6 97 70 54 100 31 197 248 72 8
104 148 2 143 182 74 200 232 190 69 8
83 29 29 139 64 60 104 155 253 157 18
32 40 131 34 76 213 59 114 254 144 16
45 53 116 155 167 219 69 134 247 87 10
144 70 138 170 196 214 50 232 244 138 16
136 108 93 190 168 138 208 121 54 1 1
204 29 235 168 46 154 173 145 175 7 2
7 87 98 63 130 159 140 180 238 205 23
8 155 5 69 176 120 187 211 246 121 14
93 149 167 123 179 185 200 233 214 55 6
60 70 106 89 117 168 123 155 213 137 16
108 135 63 136 187 138 193 216 130 15 2
101 173 180 136 194 233 16 91 236 239 27
71 31 191 82 178 61 36 248 232 205 23
27 23 78 78 106 182 76 139 244 250 27
17 159 165 164 233 223 226 225 184 36 4
24 16 27 7 30 76 87 190 254 246 27
82 65 131 80 48 152 173 114 250 190 21
111 158 138 149 168 143 147 182 241 76 8
67 91 132 63 80 84 143 184 211 126 14
102 104 143 123 126 169 204 209 252 58 7
170 223 4 66 218 76 55 78 254 99 11
49 96 108 42 49 103 82 81 242 220 25
13 31 201 28 7 81 86 96 162 26 3
76 126 64 47 125 192 84 137 247 144 16
21 68 5 90 157 141 27 151 242 233 25
26 100 124 71 137 182 109 154 241 133 15
60 67 116 36 85 179 98 182 254 156 18
24 11 154 38 172 197 121 251 169 30 3
67 92 90 95 140 159 130 136 178 26 3
41 52 48 29 40 87 89 115 240 224 25
78 91 19 102 152 97 43 176 205 73 8
66 24 80 99 82 156 160 169 252 176 20
17 27 82 78 103 168 159 189 250 86 10
57 72 100 58 85 133 214 231 252 73 9
32 81 100 88 115 83 146 172 128 12 2
47 50 111 75 85 157 135 154 231 57 6
42 28 95 45 57 164 171 169 254 141 16
40 78 78 62 96 77 197 217 174 16 2
42 85 99 44 123 172 75 180 247 167 19
40 61 22 71 104 119 136 169 243 169 19
70 86 113 110 147 184 162 199 237 108 13
32 29 12 40 44 67 52 93 235 68 8
42 30 70 85 98 149 159 183 244 176 20
38 89 121 89 165 202 82 179 243 184 21
33 108 22 100 18 207 128 44 248 241 26
45 43 55 73 57 177 97 44 249 70 8
48 27 77 88 30 75 103 94 248 114 13
46 116 185 82 117 140 169 179 169 32 3
59 98 47 47 110 135 101 154 236 196 22
28 25 18 122 151 186 172 198 225 82 9
15 59 65 192 246 241 183 236 189 14 2
26 27 106 47 148 219 162 177 243 109 13
89 37 33 101 94 127 149 186 251 172 19
9 26 23 69 90 106 151 170 241 174 20
66 57 34 71 83 60 48 181 254 223 24
32 28 17 87 67 79 157 150 251 205 23
74 71 172 94 54 190 220 112 244 174 20
25 6 55 47 38 145 108 122 248 209 23
17 115 123 24 52 107 109 99 251 217 24
46 27 32 61 57 92 185 194 248 78 9
29 36 19 49 45 57 209 189 239 36 4
92 69 168 68 45 179 61 148 254 192 22
59 32 180 74 130 207 23 171 162 17 2
49 21 140 100 65 177 195 153 251 121 14
38 28 3 102 123 168 65 104 240 253 28
66 72 119 17 50 138 167 184 252 217 24
72 88 71 85 38 52 6 54 248 207 23
37 104 132 25 101 193 38 93 244 210 23
38 39 54 114 130 150 216 232 249 91 10
77 8 127 104 85 149 67 198 245 84 10
39 38 26 123 144 165 152 189 243 246 27
31 41 13 30 73 94 58 133 223 184 21
42 61 66 67 111 138 105 187 240 190 21
77 31 11 143 69 163 211 85 250 163 19
53 91 90 92 133 156 62 138 243 198 22
31 5 57 105 67 170 48 176 245 134 15
12 27 131 36 89 192 64 175 245 247 27
42 51 60 184 199 215 227 236 246 56 7
93 122 39 131 164 113 151 159 115 3 1
12 25 54 167 187 218 237 225 218 34 4
115 74 9 180 190 185 207 194 174 28 3
3 48 93 7 68 143 52 107 238 250 28
15 24 41 74 108 146 118 162 224 181 21
99 18 115 90 3 94 188 118 242 249 27
94 78 100 137 141 186 174 191 249 96 11
108 36 137 120 61 199 124 96 250 225 25
132 189 149 169 197 119 244 241 140 8 2
48 104 120 86 158 196 135 194 248 125 15
50 94 82 63 91 103 77 115 233 156 18
42 70 138 65 87 140 133 170 244 251 28
43 58 140 60 69 133 140 169 248 210 23
78 116 122 75 121 187 66 111 246 163 19
61 78 71 107 132 150 195 209 246 164 19
34 81 68 21 80 88 87 160 158 33 4
83 121 102 120 118 98 47 101 234 185 21
27 60 161 98 131 193 206 221 247 82 9
106 158 175 142 190 200 203 210 154 10 2
157 49 6 156 174 141 226 246 251 127 14
82 98 130 70 95 141 144 180 242 250 28
5 47 22 49 177 206 88 230 250 225 25
56 40 39 25 46 96 152 154 169 40 5
126 131 189 28 85 219 118 130 157 23 3
144 215 12 40 165 178 127 124 235 64 7
123 103 113 164 160 192 195 206 253 109 13
74 143 190 133 177 223 110 100 151 12 2
26 37 66 58 101 166 66 145 244 213 20
43 40 52 55 74 107 22 106 226 246 27
25 46 88 63 109 190 87 161 254 90 10
55 80 40 107 144 170 103 143 243 213 24
21 88 53 93 81 106 188 106 243 193 22
19 84 43 96 72 89 183 85 242 113 13
8 56 77 103 119 70 75 183 238 37 4
68 116 186 116 115 179 98 142 238 122 14
21 40 69 36 64 126 31 79 241 115 14
30 31 117 42 73 187 27 93 239 154 18
75 54 37 86 102 130 182 215 251 247 28
58 87 107 115 135 186 31 76 234 110 13
43 107 144 96 176 210 127 209 247 92 10
90 52 94 62 64 152 163 125 166 35 4
60 56 80 128 124 143 183 197 242 103 12
25 66 126 80 123 176 175 211 249 109 13
17 6 47 26 39 132 66 132 240 53 6
22 6 48 19 52 153 63 132 253 241 27
76 98 115 130 110 120 213 176 251 218 24
8 9 78 51 65 120 229 216 167 0 1
17 44 136 110 127 193 163 184 249 138 16
106 111 157 94 114 172 163 191 251 230 26
26 100 158 36 106 163 151 202 251 235 26
62 105 21 107 27 187 174 56 213 21 2
83 170 193 115 193 219 156 208 241 82 9
15 76 39 88 188 194 89 213 239 242 30
22 58 36 79 171 204 74 194 247 142 16
56 145 140 67 107 94 144 125 126 6 1
95 148 137 150 153 106 78 163 248 198 23
86 96 85 89 98 96 227 219 241 76 9
41 31 86 56 65 119 40 114 234 122 14
89 45 69 72 27 86 184 129 235 174 20
5 6 45 4 32 99 91 164 249 240 27
77 96 112 144 172 198 204 232 251 175 20
35 64 66 70 100 104 117 144 146 37 4
31 55 57 31 53 97 104 133 238 201 23
86 5 55 113 40 115 208 187 246 103 12
43 134 171 56 142 213 81 128 236 252 28
38 34 40 139 142 134 128 170 235 105 12
22 23 124 63 20 60 225 192 246 104 12
89 107 34 132 161 157 202 214 253 78 10
66 75 24 110 134 147 168 176 242 198 22
7 9 6 8 35 89 47 101 230 129 15
37 107 8 14 58 166 131 136 253 237 27
55 96 123 125 175 202 200 233 252 104 12
37 76 82 90 144 166 151 191 228 86 10
88 116 126 123 178 195 182 201 164 21 3
47 201 235 5 93 211 240 151 183 18 3
59 99 103 86 114 160 127 135 244 126 14
79 87 139 100 132 206 137 181 252 86 10
72 84 127 88 115 166 170 202 250 122 14
62 102 122 77 64 77 172 126 206 44 5
86 116 163 108 148 211 69 123 219 53 6
78 59 15 41 100 120 48 181 251 158 18
65 97 100 115 131 74 208 206 86 1 1
19 10 135 52 67 203 96 118 174 10 2
19 22 79 21 57 127 99 177 250 244 34
76 102 115 117 145 171 177 209 247 137 16
31 131 156 30 132 200 47 122 244 209 24
57 129 165 109 179 198 193 218 233 86 10
38 125 163 100 172 192 188 212 222 104 12
78 91 118 111 146 177 160 194 223 62 7
57 70 115 82 102 157 161 189 250 196 23
137 199 23 73 178 179 243 171 245 62 7
16 87 44 60 192 205 54 202 242 70 8
132 45 156 64 33 145 25 82 246 222 25
170 176 185 199 207 215 216 225 237 19 3
89 192 88 48 123 136 66 114 244 90 11
96 52 26 69 97 145 34 119 227 254 28
69 27 21 21 48 100 31 122 232 151 17
126 26 119 157 189 209 112 185 194 40 5
64 54 61 105 123 171 84 134 237 128 15
14 60 88 76 83 136 188 145 234 89 11
39 182 59 10 223 190 24 231 163 11 2
100 162 185 56 70 90 48 107 245 207 24
108 169 60 65 188 204 192 239 249 177 20
86 109 123 52 111 191 28 106 245 253 28
57 25 23 205 153 129 65 119 223 132 15
23 19 44 65 77 121 169 199 245 60 7
66 140 105 49 86 107 137 164 248 124 14
48 64 31 36 61 92 69 109 216 89 10
47 73 95 101 146 177 170 216 236 39 4
80 180 212 175 234 238 238 249 234 49 6
22 123 169 109 190 187 192 198 159 35 4
20 47 52 37 88 126 81 145 230 146 17
68 81 106 84 101 137 131 155 206 169 20
93 133 124 86 141 175 90 147 246 103 12
12 13 10 11 28 82 47 84 220 149 17
19 133 138 147 186 153 35 124 238 252 28
140 28 38 105 126 185 67 177 193 24 3
52 65 142 73 96 172 146 181 252 253 28
107 66 92 141 113 160 193 180 245 175 20
52 92 44 169 183 90 240 244 144 10 2
145 159 220 51 66 142 122 159 243 150 17
80 185 152 148 45 251 244 250 154 17 2
73 85 62 149 213 236 239 246 199 32 3
108 115 132 115 129 161 179 202 248 164 19
6 227 59 56 34 184 56 209 238 107 12
84 22 173 19 31 145 65 179 243 192 22
45 101 233 42 104 233 99 154 246 20 3
49 28 185 11 23 107 111 237 244 174 20
21 35 144 17 40 189 51 91 247 199 23
43 56 117 100 126 179 194 214 252 143 17
20 148 145 18 161 177 40 207 231 50 6
83 102 26 92 127 66 33 189 246 108 13
95 126 60 38 165 216 194 123 103 3 1
67 163 86 154 158 160 160 88 245 172 20
91 6 107 38 167 68 199 169 249 167 20
65 116 26 28 21 74 148 76 248 178 21
20 29 41 33 54 123 62 88 237 214 24
8 34 102 17 49 145 62 111 227 196 22
64 78 121 102 139 189 150 212 245 15 2
34 38 39 29 55 109 73 121 239 196 22
55 64 225 188 152 218 230 216 225 121 14
104 121 153 95 131 164 168 204 233 105 12
59 40 12 97 44 108 53 201 251 142 16
22 62 97 28 114 178 31 167 247 239 27
16 24 61 116 139 189 173 201 247 150 17
53 90 125 112 133 158 128 97 104 7 2
20 96 95 72 136 160 151 189 246 216 25
52 94 120 35 114 170 57 172 251 166 19
22 171 130 38 140 62 198 242 132 3 1
83 111 149 108 153 190 176 220 254 112 13
90 130 67 51 152 159 85 188 160 11 2
38 40 79 94 97 136 176 189 242 95 11
42 128 135 89 156 153 179 207 239 104 12
85 155 188 160 221 236 204 252 245 122 14
26 64 59 38 74 119 149 165 248 104 12
54 13 23 70 35 73 162 134 190 58 7
11 26 80 35 84 174 60 140 248 103 12
3 23 53 76 86 197 152 97 254 72 8
23 64 100 97 25 155 50 162 247 244 28
66 68 123 79 96 162 131 171 248 254 28
33 71 43 68 164 193 72 187 242 152 18
100 139 50 106 136 81 149 201 242 200 23
97 80 12 80 88 72 140 175 231 92 11
17 3 6 83 25 88 175 97 246 75 9
71 7 11 70 30 68 167 179 246 182 21
30 24 39 137 102 136 203 148 240 109 13
99 117 143 92 117 156 167 199 251 174 20
73 82 115 86 113 157 171 205 250 158 18
15 55 41 82 138 145 134 170 191 58 7
7 94 117 62 132 183 152 164 245 240 27
19 51 144 95 132 204 177 195 246 94 11
16 70 46 101 137 90 152 170 95 4 1
7 49 23 48 182 236 149 248 250 200 24
98 24 196 123 95 176 115 182 238 224 25
110 161 177 104 112 161 59 79 241 28 3
16 13 38 28 70 143 44 123 231 140 17
17 24 11 41 51 87 120 131 241 23 3
9 92 127 59 95 190 138 93 252 83 9
14 44 4 17 14 64 35 37 245 202 23
6 37 204 17 29 165 105 114 251 73 8
14 19 166 24 45 202 156 181 249 96 11
120 61 74 157 124 144 227 235 247 242 27
17 51 113 102 148 192 170 190 195 50 6
112 60 72 68 77 141 87 148 244 250 28
58 99 106 105 195 103 204 250 247 94 11
88 139 147 88 134 143 208 207 167 16 3
62 77 99 73 79 164 105 83 229 172 21
49 52 84 60 73 111 81 142 242 208 24
43 47 20 51 134 180 80 170 243 99 12
3 8 80 58 70 144 163 176 252 129 15
48 46 57 82 107 132 157 210 247 126 15
37 35 95 73 80 162 3 62 224 155 18
32 47 64 48 77 104 158 195 246 201 23
71 118 187 96 152 202 186 225 251 154 18
52 9 129 90 77 153 13 124 216 90 11
69 37 91 98 101 169 169 205 249 172 20
24 5 9 131 73 76 50 134 249 155 18
15 64 120 22 85 174 132 210 252 172 20
117 236 10 65 170 73 244 201 142 4 3
39 39 71 192 155 186 189 128 241 27 3
1 175 24 37 176 196 210 169 246 145 17
110 35 38 109 55 130 193 125 247 121 14
44 212 109 13 250 83 118 43 251 31 4
7 9 6 5 17 67 3 58 231 114 13
18 6 21 5 15 95 36 100 241 73 9
17 83 7 33 223 88 225 59 249 79 9
19 9 64 10 13 82 17 82 232 92 11
68 62 129 14 92 200 9 154 248 226 26
11 186 68 10 160 151 29 155 245 103 12
91 27 0 104 148 119 61 174 251 128 15
43 30 55 55 34 86 146 64 84 3 1
97 48 87 26 44 198 197 154 243 173 20
28 57 43 97 128 96 155 213 236 193 22
70 178 179 105 81 110 135 101 239 230 26
46 40 54 59 76 121 92 131 198 9 2
82 20 15 151 90 112 221 155 240 229 26
29 77 79 142 151 80 223 246 238 66 8
61 13 126 39 221 112 125 145 244 102 12
20 15 24 90 103 115 210 228 246 157 18
17 12 55 36 96 175 28 158 254 252 28
44 57 97 105 99 159 197 145 241 121 14
73 183 190 110 164 221 188 136 246 139 16
10 5 17 19 44 99 79 131 213 73 9
159 29 217 103 149 226 160 228 244 104 12
98 144 127 91 140 176 120 155 246 255 29
121 88 94 161 129 177 191 149 244 84 10
79 81 77 104 125 132 151 181 220 114 14
31 25 102 28 36 148 87 116 248 168 19
4 122 144 23 132 206 216 198 232 31 4
18 42 114 67 96 179 135 165 247 180 21
13 39 21 89 94 184 160 92 223 23 3
81 102 86 52 87 133 48 90 216 168 19
24 52 73 87 123 153 153 197 237 95 11
101 71 158 31 12 116 109 115 238 253 28
106 180 207 161 216 233 223 250 251 49 6
47 85 180 59 71 195 127 90 245 232 26
21 15 10 98 42 50 66 84 243 144 17
80 77 109 85 100 154 152 182 253 157 18
29 58 126 42 53 106 107 138 241 219 25
39 31 47 74 74 117 155 169 232 88 10
43 60 142 38 57 136 43 107 245 52 6
8 123 164 29 175 226 25 203 251 140 16
16 1 29 1 49 104 38 210 254 95 12
115 129 170 16 23 52 186 212 247 169 20
104 154 211 177 193 237 96 161 243 170 20
47 49 82 11 23 79 46 98 189 22 3
19 44 18 11 67 106 23 110 233 227 26
14 20 6 142 175 188 196 217 214 42 4
84 103 121 136 166 184 201 224 235 44 5
115 160 177 134 166 171 195 205 185 26 3
59 6 31 73 32 99 116 104 223 67 8
20 132 57 101 163 82 146 211 229 91 11
127 12 28 130 54 134 122 80 222 122 13
98 117 79 136 177 178 135 191 231 82 10
65 94 83 97 126 153 46 107 244 151 18
31 178 39 126 237 205 197 212 216 15 2
14 4 24 29 24 66 202 205 252 34 4
16 13 17 17 20 83 11 51 236 91 10
24 4 60 26 91 229 42 166 255 122 15
37 59 62 187 203 206 12 126 241 109 13
13 1 84 158 152 175 14 154 252 34 4
13 17 11 14 21 100 2 27 234 66 8
14 11 9 24 24 112 44 47 242 44 5
14 20 139 117 89 232 232 120 239 213 16
133 232 143 153 253 233 194 251 241 98 12
144 99 67 84 94 132 126 167 242 113 13
221 230 241 233 241 248 247 250 250 82 10
37 6 11 87 41 57 211 219 252 148 17
239 25 24 67 51 201 26 101 254 197 23
51 62 85 175 189 205 229 235 243 18 3
29 1 102 36 137 59 209 1 254 253 29
53 66 143 32 66 171 50 110 245 190 22
10 38 29 60 118 133 121 213 245 42 5
27 35 36 21 36 91 69 98 238 115 13
13 35 109 33 80 193 72 127 252 195 22
8 35 36 64 77 155 107 88 246 247 28
10 20 23 47 69 217 130 68 250 70 8
95 226 255 225 255 250 255 255 249 245 27
1 169 29 31 76 183 22 245 240 67 8
79 23 29 187 74 173 244 62 250 62 7
52 26 64 53 114 245 42 119 252 213 24
24 171 42 112 237 177 214 247 253 25 3
39 15 67 53 102 243 58 104 248 215 25
4 29 51 58 139 248 21 100 249 55 6
7 18 245 25 99 248 39 177 249 119 15
11 11 40 26 73 205 9 54 250 254 29
20 25 33 36 89 201 10 64 242 138 16
27 9 58 60 95 227 15 74 235 133 15
7 16 52 47 74 181 23 59 246 34 4
42 47 83 63 131 239 33 132 254 232 26
5 16 55 64 92 201 19 55 242 29 4
28 30 77 96 148 248 43 124 249 182 20
27 42 58 110 161 216 157 211 237 141 16
40 5 61 82 99 221 107 121 233 56 7
213 211 218 125 166 231 57 142 245 217 25
