18 56 49 102 122 75 37 179 253 208 36
16 28 22 87 94 63 28 159 253 98 26
11 46 43 98 107 64 36 161 243 92 24
12 41 48 100 100 63 35 147 231 9 17
16 52 48 99 118 73 35 174 250 174 31
10 38 50 93 94 66 28 144 243 37 20
9 40 47 91 94 63 30 148 243 54 21
10 35 37 86 100 69 31 166 248 217 33
15 48 64 89 92 61 32 148 240 16 18
16 54 47 104 124 77 38 180 254 219 35
9 52 51 101 124 79 38 180 255 172 32
25 46 47 109 117 77 38 175 255 190 32
16 46 43 98 111 68 30 166 250 119 27
24 45 46 107 116 77 34 174 254 192 32
12 43 54 90 93 60 26 140 225 4 16
16 47 48 100 113 73 36 170 252 130 28
14 48 56 100 106 73 39 158 250 111 26
16 53 48 97 118 78 47 183 254 243 36
24 39 46 94 109 78 32 182 254 250 37
18 61 51 105 130 78 37 184 254 159 31
14 56 49 112 125 74 54 179 250 121 28
17 59 52 116 129 78 60 185 252 207 34
15 54 92 107 113 78 47 181 253 168 31
11 55 51 108 122 73 43 171 245 93 26
11 56 37 102 118 62 32 159 238 41 21
14 56 44 107 129 75 45 188 253 7 20
19 56 36 110 133 69 44 196 251 40 22
14 42 26 87 109 66 28 175 252 251 36
5 43 35 92 112 64 29 173 251 243 35
9 38 31 89 93 50 31 144 214 0 16
9 33 23 82 102 70 28 168 254 182 30
13 27 25 79 89 62 17 152 249 92 23
25 58 44 120 144 80 51 214 254 255 40
12 64 37 117 148 73 52 203 251 54 25
13 43 30 95 113 66 28 175 254 245 37
8 36 23 90 106 60 21 167 251 113 27
9 51 51 83 106 62 33 175 253 200 33
8 38 35 92 94 48 30 146 221 3 17
7 40 29 86 106 64 34 173 249 204 33
16 32 31 94 104 67 24 171 254 238 35
9 47 41 87 108 63 26 170 249 205 34
7 49 26 90 107 54 23 156 239 246 35
12 61 36 105 139 70 40 200 253 244 38
17 54 46 110 127 77 48 185 254 199 34
15 57 46 110 122 72 36 162 245 34 21
2 71 152 121 109 66 29 158 250 20 21
16 58 51 117 130 79 60 185 252 251 38
18 55 47 109 127 77 34 176 253 112 27
14 58 51 110 124 74 43 172 247 127 29
15 54 44 108 119 68 38 167 243 97 26
19 59 49 104 118 69 39 168 245 98 26
10 54 49 108 123 76 49 177 249 181 32
17 53 43 98 117 68 30 173 251 109 27
12 52 43 104 115 67 34 158 242 28 20
18 53 45 109 126 78 44 182 254 254 37
9 54 49 103 118 70 48 175 249 175 31
7 47 41 97 110 64 26 151 238 23 19
13 40 48 98 99 64 33 146 231 13 18
15 51 49 108 116 70 52 172 248 197 32
13 45 50 102 106 72 39 159 251 107 25
15 43 47 101 103 68 37 155 245 97 24
15 54 45 103 116 68 41 170 248 165 30
15 48 54 107 110 73 48 162 250 162 29
8 47 33 94 105 56 31 153 236 39 20
11 54 49 98 114 69 34 166 246 151 28
12 49 40 98 117 68 36 177 251 230 35
8 46 31 94 101 52 28 146 230 27 18
11 36 42 96 95 57 31 140 224 10 17
12 45 49 103 107 71 44 161 249 148 28
11 46 40 95 113 67 30 171 250 171 29
19 52 43 92 114 74 34 174 250 191 31
90 142 11 149 177 62 91 170 207 133 30
7 17 12 37 24 28 7 61 231 231 30
14 62 58 128 144 94 52 182 253 191 33
15 64 50 116 144 81 43 195 251 221 35
155 64 46 199 123 98 202 188 239 63 28
99 143 9 172 210 83 154 208 177 25 27
104 149 11 157 183 64 98 180 219 201 37
75 112 11 125 181 146 98 175 231 237 38
3 47 19 66 73 41 86 135 232 150 26
30 74 36 120 128 47 92 202 244 81 26
51 78 78 69 84 65 20 148 248 213 32
61 61 47 111 133 138 99 175 238 234 35
43 30 41 106 111 140 163 189 243 34 22
7 44 65 111 139 143 186 227 250 139 33
25 11 26 92 108 154 123 170 243 207 33
5 36 17 93 104 49 125 160 140 4 15
58 31 36 117 146 154 98 197 204 0 19
9 43 55 114 146 143 111 191 244 105 28
45 57 60 108 80 52 37 102 212 28 17
32 37 68 115 110 127 35 127 244 202 31
37 74 47 123 125 57 122 186 219 48 22
24 58 60 110 79 49 162 153 237 116 25
25 38 35 112 130 110 51 161 240 166 30
17 11 24 145 110 92 204 208 243 77 27
12 41 34 106 133 109 111 184 212 19 19
29 43 62 146 96 52 135 167 238 207 33
43 38 23 95 53 42 150 132 223 40 18
28 66 68 119 118 65 103 202 253 152 30
15 57 9 76 94 43 6 121 238 60 20
19 49 51 52 109 136 75 173 241 243 35
70 83 46 150 126 63 249 247 243 157 36
52 74 35 156 173 90 94 243 255 228 40
48 67 36 67 91 50 28 176 254 220 32
45 54 32 107 93 44 194 226 230 20 21
39 62 33 65 81 42 15 148 241 48 20
44 69 41 76 95 55 25 163 250 200 32
72 75 74 87 113 144 198 225 250 241 37
37 76 15 60 82 30 6 133 238 128 23
39 130 57 136 198 90 40 213 238 237 40
15 83 35 133 85 40 164 127 239 97 24
29 36 23 129 80 43 142 149 244 215 33
32 113 77 169 141 51 47 203 253 224 37
27 81 73 170 108 105 252 161 252 20 24
121 78 119 222 116 84 209 185 248 160 37
50 71 47 121 115 50 134 204 240 133 29
10 41 99 55 92 149 153 178 244 141 29
63 53 74 109 108 138 168 186 240 125 29
42 55 27 102 159 163 77 191 244 61 25
57 130 81 150 196 165 152 197 246 113 34
45 78 56 64 123 131 80 178 234 161 30
43 49 30 88 144 161 64 180 241 130 29
48 24 78 136 55 47 147 130 195 5 17
14 67 69 132 124 57 181 205 195 18 21
26 66 48 71 125 119 65 171 236 170 31
47 59 57 112 150 173 141 206 251 162 34
40 77 34 103 107 62 194 202 242 246 38
50 69 54 96 82 59 173 163 211 17 19
33 70 27 98 101 34 47 154 236 192 30
59 64 46 65 75 48 23 157 252 128 26
5 32 16 131 88 35 148 164 237 240 38
63 73 37 119 123 63 46 179 244 170 34
10 32 12 48 74 38 168 236 248 215 36
66 118 60 182 164 67 168 208 237 144 35
46 97 80 145 208 213 138 212 243 54 31
13 49 49 153 140 60 74 192 249 136 30
49 45 37 97 62 57 151 139 235 207 32
58 77 24 155 142 44 157 239 243 90 30
79 78 32 133 100 48 96 152 247 47 22
8 98 36 174 179 59 189 246 246 149 37
27 82 45 73 96 46 16 124 207 5 16
58 76 28 92 98 39 53 169 240 255 36
40 37 25 70 34 36 216 158 239 155 30
28 26 73 107 134 209 119 169 242 118 30
17 51 26 103 119 43 59 186 221 55 22
60 92 12 178 171 79 7 115 231 194 35
78 173 15 169 208 81 9 133 243 154 36
87 182 18 175 210 80 10 132 236 92 32
51 80 6 157 165 73 11 116 191 43 22
1 16 1 37 146 167 59 213 242 167 33
4 19 13 87 126 165 24 81 185 127 26
70 97 129 120 171 205 133 178 206 235 40
24 25 39 113 162 222 145 169 185 195 36
45 3 12 118 20 27 176 88 191 227 32
8 9 136 22 49 209 28 82 250 171 30
12 14 67 27 63 150 37 114 241 130 26
7 15 145 40 104 224 39 169 253 88 27
4 17 136 47 117 230 23 158 240 53 25
11 22 136 26 57 182 33 92 243 72 22
8 13 144 28 53 175 39 84 193 14 17
16 4 43 32 77 222 4 69 224 59 22
2 32 18 57 56 32 2 100 238 139 25
16 65 66 136 138 84 41 148 217 0 18
58 80 113 99 117 140 70 154 246 38 22
18 86 47 135 168 96 73 193 239 24 23
44 92 29 141 149 79 142 189 244 161 34
18 51 45 122 170 174 35 147 229 42 23
28 60 16 75 69 29 53 126 247 240 33
13 62 67 35 73 86 78 125 228 249 34
38 206 185 106 241 222 173 226 155 0 33
26 51 39 65 97 104 80 133 228 225 33
22 41 111 63 118 216 142 171 221 195 35
18 71 43 127 185 150 132 234 248 119 33
10 72 12 123 139 53 64 154 223 21 20
16 71 38 136 157 85 49 176 237 158 31
34 105 56 214 192 90 200 210 241 90 35
66 67 12 116 104 73 134 149 227 251 36
74 78 37 164 139 61 98 183 239 182 34
15 41 32 97 131 122 112 187 237 166 31
29 74 105 108 109 84 51 154 250 90 26
7 45 20 98 106 47 40 159 231 158 29
14 30 6 70 77 62 118 141 227 93 23
24 56 24 129 130 61 65 177 242 109 29
145 78 23 130 124 85 55 163 243 101 27
55 54 58 97 98 149 121 123 246 241 36
215 218 222 238 241 243 250 253 252 58 51
8 2 19 21 50 162 6 56 203 233 31
89 17 181 188 107 238 228 174 229 29 29
15 40 12 60 111 137 16 109 237 246 35
12 24 5 78 86 63 30 83 156 49 17
5 66 16 122 121 43 108 167 241 213 33
59 72 68 51 127 158 21 175 247 234 35
56 74 30 58 117 96 22 168 239 149 28
78 68 71 22 102 210 7 100 215 74 23
110 161 79 56 130 38 33 239 247 62 27
123 138 174 43 153 228 25 207 248 89 32
60 81 219 50 79 227 82 107 249 77 26
174 50 44 187 67 61 132 101 210 25 21
200 224 232 30 44 36 18 71 114 6 20
18 78 143 59 52 90 72 87 235 209 31
71 115 117 127 183 190 151 188 169 30 24
47 74 90 96 138 167 114 159 209 237 35
48 67 90 91 134 163 104 139 159 73 23
126 168 180 16 39 18 81 189 210 117 28
51 198 198 81 212 245 7 108 215 206 42
39 86 46 157 166 82 150 220 232 157 35
21 44 52 154 127 71 137 193 242 155 32
22 40 25 94 162 159 122 232 230 3 23
27 37 52 83 110 147 110 162 236 244 36
35 18 28 102 104 142 126 166 241 107 27
33 53 47 231 150 70 247 207 241 231 44
11 14 39 40 58 95 53 112 217 94 22
7 45 43 115 130 100 23 144 235 50 21
118 93 33 154 148 73 39 188 241 211 36
12 43 26 97 134 161 105 145 238 176 32
9 25 30 59 53 45 13 109 244 205 30
55 87 72 63 131 175 21 120 229 218 34
36 83 7 122 177 128 170 217 221 90 30
13 24 13 77 124 149 100 150 172 46 20
13 234 153 152 79 20 29 93 254 224 37
15 83 46 96 184 202 166 206 227 153 35
6 23 2 53 51 28 8 107 244 252 33
31 221 246 121 168 104 47 174 230 60 30
49 94 88 103 109 109 3 84 243 244 33
212 222 234 236 241 244 254 255 253 40 49
18 41 14 83 97 56 9 133 223 83 22
16 7 58 94 73 139 221 153 166 2 18
10 44 60 42 83 108 114 162 212 105 24
21 36 149 136 55 61 154 116 242 69 23
63 50 74 78 57 54 41 141 254 204 31
30 66 155 104 83 71 55 155 254 115 26
51 63 124 100 79 62 41 133 208 5 16
24 42 109 187 101 61 183 143 176 2 19
35 42 183 167 70 76 124 135 249 82 25
112 68 174 163 201 239 83 239 244 247 47
201 42 12 120 82 78 133 162 181 3 19
19 13 14 70 58 47 158 208 247 139 29
111 101 59 215 194 107 39 175 250 30 28
24 57 65 244 165 68 71 216 254 185 39
17 25 45 234 113 33 49 165 251 86 28
14 39 33 112 75 61 235 166 225 25 21
54 53 66 158 173 192 195 208 222 38 28
44 56 87 110 138 167 157 171 184 42 23
7 64 19 55 137 92 62 196 208 48 21
3 183 15 14 227 228 1 142 224 149 37
9 205 28 29 243 234 11 166 211 41 31
6 222 25 32 246 233 3 164 193 42 31
7 168 19 20 209 229 2 133 249 234 41
5 34 24 68 67 51 69 122 230 88 22
11 24 178 46 93 244 40 129 253 167 33
10 18 133 40 85 229 18 102 250 182 31
5 105 128 43 185 213 22 174 208 45 25
9 14 137 39 80 233 17 97 252 205 33
9 30 116 36 132 209 23 206 249 109 29
14 30 30 53 148 217 208 244 252 158 37
97 112 7 109 144 35 167 222 154 108 27
24 56 50 107 132 114 81 163 241 176 31
4 11 42 41 92 172 83 155 248 234 32
8 11 21 41 116 227 120 156 237 192 34
26 5 26 67 71 177 130 136 217 133 26
88 107 126 75 177 223 15 165 190 150 32
23 43 34 30 85 108 20 136 227 189 29
16 39 34 18 73 103 20 114 163 59 18
12 33 42 27 67 245 30 224 164 79 25
26 13 44 143 120 230 208 220 203 100 31
106 28 48 111 105 224 171 153 228 145 31
18 20 36 130 133 128 190 210 242 223 37
31 44 34 42 76 81 22 121 214 53 18
23 115 128 78 134 99 8 164 247 231 35
25 39 193 84 183 252 92 239 195 38 29
57 83 64 43 108 114 92 205 250 254 37
94 113 117 76 86 53 82 137 155 46 18
86 100 121 100 73 67 180 155 214 168 30
46 67 76 94 129 164 128 171 229 169 31
190 188 93 204 168 79 238 224 235 182 45
105 137 145 72 74 54 127 173 228 233 34
138 122 133 104 100 124 204 215 249 67 27
111 124 161 152 75 57 204 149 236 192 35
115 131 157 130 85 72 216 153 196 90 26
137 173 179 185 130 64 215 206 241 196 40
8 23 57 101 146 192 139 181 221 228 36
47 148 97 69 182 184 44 158 236 69 26
23 76 110 37 100 129 18 146 241 84 22
12 68 117 48 141 212 35 156 252 170 32
42 89 114 48 136 196 24 148 240 119 28
69 107 127 97 157 178 175 192 147 41 24
67 72 23 90 118 68 164 189 139 121 26
51 43 85 76 84 141 119 152 240 208 32
93 126 97 116 76 115 193 97 250 238 36
193 187 70 213 145 104 243 151 246 99 35
93 42 27 124 56 44 181 158 241 70 23
165 64 23 212 142 121 230 221 236 61 31
176 133 65 207 171 111 237 218 170 6 28
127 40 37 180 104 113 227 189 241 191 36
141 123 104 165 122 162 220 147 251 119 32
79 108 139 116 193 209 113 199 129 12 23
70 102 137 129 197 220 109 193 165 86 30
37 40 101 28 41 101 26 95 221 139 24
15 28 73 47 63 112 68 118 230 190 29
21 42 74 76 151 197 86 190 252 230 38
9 75 109 41 131 207 107 149 237 215 34
81 176 159 140 207 195 156 176 178 43 29
61 78 105 98 141 176 143 183 211 206 35
63 82 111 91 127 164 143 181 216 234 36
58 92 106 92 153 167 112 168 168 122 27
63 88 98 89 149 179 138 163 148 101 26
64 78 94 93 144 198 15 98 191 215 33
20 51 60 28 133 222 21 149 244 132 28
129 100 20 159 177 126 22 151 228 241 38
26 25 22 44 43 86 178 165 251 240 34
35 44 186 86 114 228 195 198 203 16 24
20 98 95 48 141 130 104 180 163 84 23
37 23 118 55 58 199 145 131 232 118 26
16 25 36 64 86 113 135 164 190 86 22
23 8 89 63 66 192 171 160 247 138 29
10 29 17 23 71 79 92 178 221 180 28
81 124 41 71 147 98 153 241 196 30 23
11 50 95 92 151 195 143 191 221 16 22
49 74 112 49 90 138 38 138 245 177 29
34 137 204 99 179 218 42 162 249 95 31
57 56 83 249 237 253 251 224 253 162 50
77 104 117 110 168 194 172 191 168 106 30
147 184 75 197 222 100 241 250 114 0 31
92 16 28 128 47 43 210 166 211 150 29
79 32 10 118 68 39 180 166 207 185 30
152 154 107 148 135 125 229 197 237 81 30
143 161 203 178 130 109 236 194 192 45 28
84 115 133 123 182 219 184 213 212 135 35
56 74 99 82 137 185 141 168 180 168 30
56 69 93 94 140 186 112 154 192 219 34
61 92 66 158 195 172 118 167 160 5 22
14 47 168 1 69 223 37 98 212 125 26
33 49 165 11 66 217 21 91 193 101 24
43 52 138 19 76 225 3 72 233 178 30
65 101 211 17 94 227 22 128 239 70 25
206 204 153 171 183 191 192 192 246 90 37
153 76 34 193 84 49 234 157 227 46 25
159 192 111 200 207 155 220 199 199 51 33
128 37 23 163 71 107 225 129 241 240 37
34 32 36 74 100 125 137 184 244 221 34
159 170 151 112 136 130 207 246 244 165 38
163 79 26 202 154 124 230 236 245 146 38
220 67 23 249 100 50 254 159 159 0 26
107 34 9 29 61 98 42 159 247 223 32
41 31 41 75 97 146 210 219 219 43 23
59 28 39 119 129 147 248 239 175 4 23
33 98 38 25 112 81 111 228 222 164 31
127 176 179 182 207 21 219 209 249 163 41
82 106 106 108 153 12 178 163 244 252 38
46 13 9 67 146 228 140 188 158 27 21
39 28 89 32 19 43 113 158 208 139 25
41 12 111 28 184 68 78 131 230 188 32
46 41 105 57 120 167 106 138 211 102 24
5 16 11 43 27 30 11 82 249 252 32
23 57 52 118 123 77 85 190 249 157 29
4 39 21 73 76 53 82 128 235 120 24
28 48 70 157 124 87 244 238 238 49 27
21 28 54 88 84 76 166 199 240 76 24
13 31 46 84 82 67 143 190 235 83 24
221 215 207 255 255 254 254 254 254 246 66
54 70 44 100 104 106 165 163 233 197 32
69 70 66 120 121 126 192 181 204 88 26
70 69 63 118 121 128 190 182 210 97 26
68 81 58 111 117 119 191 179 222 117 28
64 64 105 104 124 185 143 176 244 158 32
31 8 39 39 51 134 34 94 235 59 19
12 15 7 28 64 65 33 144 222 112 23
53 67 35 110 109 88 168 161 217 146 29
74 96 50 162 167 112 230 206 158 34 26
78 110 47 157 159 105 219 214 235 97 31
53 65 31 113 108 86 173 160 214 149 29
79 99 60 154 162 123 226 208 180 45 27
3 10 7 42 42 64 87 108 232 236 32
62 109 253 121 169 252 182 231 251 105 38
75 126 82 111 212 209 111 202 163 18 26
72 116 135 93 136 188 142 137 195 171 32
15 24 13 35 36 54 58 85 213 191 28
25 37 50 100 119 129 161 199 233 44 23
47 33 43 97 155 213 39 160 250 213 37
18 39 37 94 85 49 41 145 240 95 24
19 135 14 103 187 52 24 213 245 136 32
29 49 84 89 138 184 142 197 248 168 34
80 127 29 206 183 58 172 207 238 59 31
22 21 3 42 33 25 20 57 146 68 17
7 5 30 40 66 133 111 172 251 169 30
17 29 20 58 63 64 59 113 213 61 19
10 43 53 82 95 74 34 155 248 194 31
77 33 119 148 124 185 165 197 228 41 26
37 47 54 73 101 132 129 176 235 221 35
51 34 29 123 111 97 160 193 228 111 28
57 75 30 126 142 97 161 213 237 245 40
5 131 167 47 221 252 11 234 253 162 42
77 66 27 88 176 187 17 191 211 41 25
8 40 115 12 77 185 7 102 237 185 31
12 30 112 32 64 177 82 115 213 131 26
26 4 117 66 34 186 118 88 244 180 31
21 31 126 30 66 194 42 97 247 200 33
21 79 112 44 148 204 46 178 248 140 32
74 60 73 109 111 125 173 175 190 61 24
88 85 41 137 90 77 196 159 249 81 27
115 130 61 172 122 107 225 154 247 191 38
117 136 112 171 137 101 220 195 243 152 37
136 167 72 159 178 100 81 186 240 175 38
105 138 64 87 121 79 46 137 234 27 21
121 173 62 92 149 58 70 197 220 154 34
122 131 61 98 126 72 98 191 222 142 31
106 57 41 114 103 83 65 165 234 144 30
99 66 34 112 109 81 61 154 231 53 23
13 163 133 43 198 213 13 137 203 22 26
4 81 104 34 175 210 17 195 198 40 26
49 64 123 35 151 174 16 225 173 7 22
49 29 51 70 120 215 164 196 253 254 41
18 92 108 22 128 188 162 176 134 7 21
16 24 68 51 96 147 71 144 186 99 25
14 61 58 116 126 74 70 179 245 56 25
22 87 79 135 145 78 80 183 237 47 25
23 80 47 137 157 58 92 231 235 61 28
157 85 37 128 139 80 92 242 236 106 32
89 82 38 130 126 63 59 184 246 223 38
117 76 29 123 116 76 63 161 229 99 27
132 46 49 105 252 44 89 176 241 107 35
63 82 61 133 161 138 111 196 238 211 38
10 102 127 15 91 154 30 194 250 146 32
74 89 85 82 138 175 96 183 241 175 35
121 134 10 165 160 54 234 245 234 154 39
32 113 101 74 160 166 135 182 142 4 22
38 86 72 72 112 149 101 113 208 161 31
94 134 130 75 215 48 176 143 207 31 27
98 146 136 98 97 76 164 161 238 100 30
67 96 99 62 80 118 137 138 237 232 37
68 109 77 121 110 62 56 125 240 185 35
126 152 118 112 104 52 73 156 242 181 35
124 151 112 121 107 45 63 144 239 73 27
110 152 138 97 241 23 215 131 245 67 35
48 125 115 65 199 24 151 136 244 207 39
34 105 102 50 171 38 132 119 248 239 39
117 160 140 92 241 30 222 142 250 95 37
96 128 131 76 226 18 189 107 249 60 31
14 31 71 39 40 55 19 107 206 103 24
28 14 16 67 37 24 4 72 186 99 23
85 38 34 71 60 67 28 121 235 66 23
105 68 49 117 108 78 43 169 250 97 28
6 33 43 92 90 65 18 128 239 114 27
25 75 73 129 171 150 95 202 249 171 38
52 77 57 151 166 123 139 217 242 229 43
18 50 68 100 104 80 35 151 248 219 36
26 80 89 175 160 97 148 211 246 63 32
12 52 80 85 104 96 77 179 250 139 31
2 44 35 98 110 59 52 166 241 234 37
23 63 74 127 135 100 45 165 252 94 29
9 52 57 106 131 107 71 182 246 193 36
14 50 63 107 112 81 41 157 248 250 39
13 60 59 101 118 74 41 170 247 238 38
18 35 47 102 92 62 28 126 226 23 20
12 44 45 112 109 64 30 130 210 6 19
14 50 61 108 113 80 35 156 248 183 35
13 57 48 107 120 70 31 153 236 48 24
14 52 51 107 112 71 34 149 240 55 25
11 60 47 103 121 67 31 158 236 104 28
15 60 51 107 118 69 34 156 238 80 27
53 72 78 75 148 176 30 155 192 96 29
232 68 45 251 115 92 245 177 231 79 39
239 67 52 253 114 99 253 175 238 129 43
7 27 34 58 47 47 14 94 246 189 32
5 18 22 65 50 38 20 103 230 227 35
13 71 100 65 136 168 24 146 238 83 28
23 68 65 130 144 95 44 171 245 138 33
22 68 66 125 140 91 42 170 245 91 29
23 70 69 129 145 97 48 177 249 233 40
21 63 55 118 125 75 43 159 238 35 24
209 101 187 251 187 251 251 231 252 58 47
60 63 91 73 100 145 110 155 213 149 32
10 60 153 57 120 227 20 95 216 142 33
21 68 66 127 142 95 45 172 248 155 34
20 59 70 118 125 90 44 164 252 112 30
14 41 79 113 160 202 114 157 201 21 25
96 153 189 163 218 249 121 175 211 15 34
39 58 68 64 105 147 110 162 232 224 38
36 47 54 85 106 121 86 150 234 115 29
13 62 64 121 138 92 44 173 247 175 36
17 57 69 115 123 89 44 164 253 103 30
20 66 69 123 137 94 41 167 247 151 34
15 60 52 111 123 74 35 157 239 55 26
23 65 68 125 136 94 41 165 246 167 35
14 60 57 100 116 74 24 152 242 169 33
2 37 27 69 68 40 14 109 239 122 27
13 64 65 123 142 94 47 177 251 227 39
13 59 64 111 128 86 46 179 253 138 32
15 59 55 111 123 77 35 159 242 95 28
6 63 62 80 133 131 120 166 154 9 21
8 58 37 55 130 138 93 178 217 149 32
4 66 29 61 133 133 101 175 233 185 36
7 9 23 70 50 42 143 169 231 125 29
46 90 71 50 143 162 34 174 231 74 32
19 90 34 76 203 36 179 145 244 161 33
10 58 58 130 135 78 71 187 249 53 27
8 52 40 97 110 61 25 149 234 172 33
21 35 47 75 82 81 137 182 241 87 28
22 48 41 142 95 67 227 173 228 136 34
15 50 37 124 125 65 29 158 248 88 26
18 31 32 100 94 67 20 125 236 92 26
32 98 106 101 146 162 97 149 238 172 36
14 25 44 67 104 150 157 189 224 64 27
21 9 50 69 80 159 148 164 244 104 30
31 4 62 78 79 174 92 124 250 120 30
16 12 67 73 78 151 169 176 251 167 35
14 60 59 121 136 89 41 170 245 160 35
19 41 37 94 101 76 85 144 188 12 21
23 64 28 111 110 52 61 129 229 42 24
21 42 50 108 103 74 36 148 245 246 39
62 81 97 190 208 223 200 223 242 35 37
75 89 39 108 137 97 123 204 233 172 37
21 94 77 74 106 35 57 195 238 108 31
60 25 87 67 111 230 26 120 245 18 25
79 36 35 91 68 63 22 125 246 64 25
33 57 15 100 111 46 98 176 215 179 35
76 134 61 164 101 61 233 146 222 25 28
93 14 59 190 85 104 244 176 250 201 42
13 22 22 125 81 38 140 162 237 162 33
21 26 113 67 79 184 132 142 242 119 32
74 93 77 112 136 115 161 191 195 108 32
75 81 34 139 108 45 63 134 229 179 35
75 104 30 131 109 59 184 167 242 176 37
61 103 41 147 101 57 148 126 249 104 31
64 96 35 154 124 71 147 136 235 64 29
67 97 37 151 136 68 146 152 210 39 27
63 97 53 149 118 57 144 159 239 243 41
62 99 35 160 146 65 144 156 211 44 28
64 99 33 142 119 68 154 146 240 178 37
72 88 89 156 115 52 14 112 217 37 25
90 137 66 195 152 73 177 172 243 143 40
108 115 71 191 150 64 33 176 251 195 41
111 144 46 189 181 61 30 168 249 75 34
109 63 52 202 148 88 27 157 251 33 29
105 112 67 197 156 69 31 174 251 222 44
116 141 55 190 153 45 34 160 251 63 32
109 62 49 188 157 126 36 156 249 149 38
112 133 62 194 163 53 35 179 250 138 38
106 57 44 203 144 77 30 160 252 169 39
106 129 65 192 160 55 35 176 250 114 37
110 107 62 134 138 81 37 177 251 149 36
111 82 68 207 180 131 78 189 248 90 37
16 90 42 30 117 156 23 106 233 89 28
41 55 53 65 138 209 190 201 213 50 31
43 66 78 102 159 189 157 204 217 43 31
28 31 62 86 116 170 137 173 244 222 41
41 48 54 58 127 139 37 180 194 32 25
15 63 84 125 125 82 36 158 251 71 29
34 153 59 124 167 70 65 174 250 166 39
20 59 69 129 138 106 35 156 246 130 34
15 65 64 127 147 103 35 169 246 207 40
18 64 63 136 151 104 39 167 243 149 36
14 65 52 131 148 93 39 164 239 58 29
19 72 57 137 142 75 77 184 241 157 36
5 26 101 25 69 168 29 90 199 76 26
1 23 53 40 131 206 6 143 249 224 41
13 5 31 26 73 191 11 77 196 83 27
8 9 62 49 99 210 11 98 235 115 31
13 58 65 37 143 183 17 158 196 50 27
2 72 89 47 170 195 25 205 249 149 38
12 42 100 30 122 175 29 198 238 121 34
11 20 73 57 106 195 38 126 246 93 30
18 16 15 31 36 49 8 68 147 71 23
6 64 74 154 128 91 204 170 223 166 38
9 45 29 82 144 115 122 217 230 46 29
17 52 62 117 122 88 43 163 253 230 40
18 59 37 125 151 71 58 215 238 0 25
9 57 44 110 141 82 38 191 248 140 34
14 50 62 117 121 87 47 164 252 63 28
29 63 72 116 128 106 215 247 253 152 40
30 61 78 98 117 115 210 238 250 238 45
30 75 67 110 124 110 178 193 247 165 37
11 41 46 93 93 63 26 137 239 202 36
20 49 54 119 114 76 47 151 243 23 24
15 47 54 118 119 80 51 164 248 125 31
40 110 164 143 139 104 122 194 250 42 29
55 48 48 88 97 114 124 140 171 97 27
12 33 57 76 74 73 13 117 242 219 35
6 47 44 98 126 91 28 173 254 117 31
7 52 40 96 104 64 22 130 240 43 24
7 46 45 103 115 79 22 144 240 62 26
77 110 122 90 135 142 146 215 219 15 27
15 54 133 90 73 71 79 153 251 112 30
21 45 81 95 92 73 158 174 181 65 26
4 21 11 43 52 46 61 120 217 162 31
22 36 47 55 90 136 62 129 211 145 30
23 28 53 50 83 140 67 138 233 225 37
42 66 94 89 147 193 111 184 243 85 32
35 66 93 99 153 191 120 186 239 119 34
19 24 73 78 103 176 73 126 231 184 34
48 86 52 88 106 46 76 183 212 36 23
13 28 34 95 81 51 36 132 235 207 34
15 45 52 117 120 88 67 171 248 184 36
39 41 47 127 123 101 107 157 211 23 23
19 15 9 18 19 34 18 50 85 29 17
127 186 177 124 142 76 54 187 240 133 37
131 184 187 131 134 76 36 158 241 68 31
99 244 25 122 191 58 26 133 249 146 38
15 101 41 135 210 97 37 250 248 244 46
42 60 58 112 163 170 107 182 212 25 25
61 118 37 155 186 119 199 232 244 96 36
53 110 125 137 187 207 174 211 238 58 34
22 46 63 89 119 133 13 117 227 184 33
25 89 101 106 172 181 67 177 240 254 43
15 37 44 87 80 54 19 124 233 141 28
7 28 178 56 127 222 111 217 242 54 29
25 87 90 95 173 189 130 220 248 247 43
27 66 70 68 139 161 104 194 228 75 27
17 62 70 68 145 172 99 193 240 171 34
14 60 69 63 144 172 86 184 226 99 28
24 58 23 120 116 75 121 122 168 2 17
84 239 90 101 234 144 60 201 243 253 49
23 29 17 78 67 75 102 114 227 195 31
7 166 183 22 205 231 10 209 246 247 46
3 12 182 17 41 227 21 61 241 186 33
13 193 193 28 231 236 16 236 249 242 50
6 162 190 23 210 222 6 179 113 5 25
8 14 11 24 36 40 58 115 199 159 26
23 47 44 133 219 255 243 234 250 197 47
14 38 51 91 128 145 78 169 244 165 32
16 23 57 82 106 145 70 147 247 82 24
11 20 4 44 203 255 219 123 96 0 24
21 19 6 34 206 252 217 132 175 65 30
13 59 82 103 113 86 38 156 247 210 33
11 47 63 93 108 76 34 163 247 23 19
17 41 55 101 95 71 25 130 241 30 19
22 59 79 107 146 138 37 186 255 238 38
23 63 70 112 143 132 41 169 251 176 33
18 56 69 111 136 134 36 156 249 80 25
25 62 74 112 138 135 39 160 251 110 28
25 63 76 96 147 153 51 183 250 249 38
26 55 66 116 115 81 53 164 248 167 30
13 61 62 106 124 80 44 172 247 194 32
18 45 64 106 102 78 31 138 244 48 20
14 43 61 107 101 77 37 138 242 31 19
12 65 96 112 131 113 26 149 245 97 25
16 52 64 96 150 172 89 183 245 189 34
19 41 60 91 136 171 92 175 240 179 32
12 25 38 80 68 42 11 106 208 19 16
21 68 70 128 141 94 61 182 251 142 30
16 61 68 130 142 99 52 173 248 77 25
27 73 80 142 156 114 49 178 252 177 34
29 67 62 134 161 102 43 205 254 244 39
15 67 88 140 165 144 40 169 252 105 28
120 91 66 156 143 97 46 182 254 129 30
22 71 68 141 155 101 68 190 252 119 30
133 87 60 137 149 105 124 243 248 72 28
34 38 88 54 87 160 80 151 251 153 29
17 65 67 119 147 116 48 182 254 207 34
17 76 88 174 228 247 240 252 252 216 50
13 3 6 41 187 248 162 103 211 153 33
12 45 62 96 100 76 30 148 249 166 29
19 55 57 83 111 97 40 168 249 121 26
23 59 64 99 139 141 44 157 240 88 26
14 46 58 100 107 82 47 162 249 199 32
22 48 71 93 136 165 46 149 238 144 30
28 45 47 73 135 145 94 214 245 91 27
26 53 59 112 112 79 40 157 246 226 34
16 44 88 98 92 89 26 131 246 71 22
14 10 2 29 156 244 164 114 175 105 28
32 94 9 108 133 22 158 189 157 118 26
9 11 0 8 9 17 7 55 155 191 28
95 46 15 24 55 49 67 203 220 60 22
7 36 20 68 68 49 10 101 232 56 19
31 42 68 166 133 103 226 219 235 225 40
16 23 8 50 40 44 24 76 229 126 22
72 70 73 158 145 96 69 196 252 187 34
58 77 192 167 135 92 56 200 252 2 22
77 72 247 158 95 81 44 168 244 12 22
26 42 55 165 126 75 221 242 252 103 33
198 151 53 159 137 55 30 159 237 209 38
10 58 6 43 190 193 12 187 172 115 29
48 232 253 94 245 253 141 245 253 126 47
40 39 26 85 91 81 119 177 238 215 34
207 89 41 133 109 113 175 222 252 168 36
29 11 52 104 100 147 96 147 252 237 35
68 24 20 83 65 65 29 105 204 12 16
14 52 216 29 38 157 28 81 247 125 27
100 198 105 28 106 128 53 112 249 51 23
37 106 77 39 138 186 10 93 198 61 22
56 32 120 128 147 214 164 115 185 73 26
11 8 29 31 96 211 168 153 173 39 21
9 11 121 127 152 231 89 142 159 19 22
11 162 80 30 130 157 83 119 251 183 33
44 48 30 90 121 210 114 102 245 153 31
129 39 21 84 74 106 81 160 239 243 35
18 50 202 61 97 247 69 102 249 142 32
73 103 136 103 155 207 92 144 207 223 37
152 164 165 95 75 41 38 127 222 30 21
12 24 139 60 99 240 30 98 252 94 27
25 108 122 181 239 250 208 234 237 87 41
47 35 2 61 188 240 92 156 149 85 28
30 88 41 96 211 207 34 156 160 135 33
54 46 83 7 40 155 174 126 157 45 20
12 14 22 33 62 48 110 231 250 87 26
19 3 88 31 56 194 158 187 250 153 31
19 17 31 82 109 168 217 207 224 77 27
45 11 38 39 104 185 82 216 240 44 23
28 89 113 77 160 200 58 174 245 121 31
17 66 96 75 143 189 63 162 239 127 29
11 29 40 74 68 50 30 128 234 139 26
23 50 66 108 104 77 44 151 245 48 21
90 51 51 119 102 99 85 156 245 70 24
16 62 60 113 129 87 75 192 251 213 36
7 25 34 186 231 243 162 241 252 219 49
40 119 26 48 174 164 83 194 204 163 33
83 12 12 150 69 61 219 200 246 209 37
13 37 236 91 68 90 38 165 248 234 36
23 28 36 90 80 65 251 251 249 130 33
15 58 63 46 92 93 184 239 250 137 32
85 50 35 151 88 71 228 176 236 120 30
32 63 253 132 141 152 84 235 248 254 44
116 46 56 222 125 69 123 184 254 140 34
133 138 134 221 226 223 254 254 254 57 43
9 26 38 47 68 107 24 92 236 142 26
8 27 37 79 71 47 28 130 237 42 19
11 36 48 102 101 76 56 159 246 158 29
30 63 72 146 169 125 64 213 252 41 26
59 77 87 63 90 153 96 124 244 190 32
31 70 78 148 160 126 64 179 250 139 32
87 109 119 191 214 221 232 242 244 193 48
24 29 70 58 93 157 60 142 245 159 29
54 88 100 187 126 80 181 167 245 97 29
26 37 41 80 96 107 99 150 225 74 22
79 130 163 145 197 233 163 216 253 87 36
12 59 57 122 142 103 49 175 249 207 35
25 59 62 150 184 187 214 247 249 172 41
7 23 11 50 45 37 5 91 237 190 28
18 64 62 128 142 93 44 171 244 34 21
242 245 250 247 249 252 254 254 254 23 52
20 71 72 138 157 109 51 182 250 172 33
46 89 84 140 152 101 50 176 247 54 24
35 61 232 140 142 118 52 228 241 233 40
34 46 128 105 167 246 62 188 254 100 31
13 52 69 103 119 101 24 146 242 111 25
11 43 54 96 100 69 32 149 241 108 24
42 61 202 110 80 78 42 150 245 86 24
136 47 53 234 119 87 224 196 248 250 44
190 92 119 58 204 89 2 254 238 174 39
39 191 72 113 195 171 188 186 254 137 36
50 49 78 79 90 122 89 153 242 206 32
68 65 88 108 138 205 105 154 241 109 28
151 43 26 107 33 43 225 182 217 24 21
12 34 24 7 54 114 19 90 240 254 32
218 236 252 242 254 255 255 255 255 67 54
11 37 48 99 95 69 26 133 241 26 17
31 61 56 131 150 93 49 204 254 202 34
24 74 170 135 138 117 43 188 254 147 31
28 66 99 127 135 94 56 194 255 124 28
37 63 175 123 143 218 59 144 250 4 21
44 82 72 199 176 99 61 205 252 220 40
50 56 71 92 114 149 147 182 241 117 27
20 46 53 118 142 102 60 211 249 100 27
20 47 64 125 122 94 51 159 249 69 23
16 46 64 117 121 101 43 152 244 69 22
12 30 47 110 97 66 31 121 215 7 15
17 35 51 83 82 76 27 132 245 203 29
38 58 67 132 151 116 61 207 254 249 38
5 36 49 91 93 67 29 144 244 171 28
31 50 80 118 140 145 161 209 246 123 30
19 36 34 82 91 72 248 250 230 7 22
33 167 118 173 217 64 128 183 245 44 29
63 115 58 162 93 93 116 81 237 43 20
33 137 74 165 96 57 204 127 241 116 28
27 7 58 247 87 38 254 143 140 0 22
69 106 7 139 154 51 180 215 215 176 34
73 18 10 197 216 80 226 245 206 62 33
132 7 19 170 243 13 223 236 233 87 36
125 212 56 177 232 85 211 240 192 34 33
11 17 31 111 139 177 148 193 250 118 28
115 243 32 186 205 64 172 135 213 30 29
86 53 27 113 74 81 109 104 231 234 32
52 54 31 26 52 49 85 156 187 77 19
96 148 1 168 194 34 220 248 155 31 28
17 8 11 112 58 8 231 237 242 129 30
33 86 170 60 146 248 159 145 172 38 23
68 64 143 52 63 154 113 150 238 186 30
23 82 49 34 159 217 213 245 217 72 29
69 25 4 140 93 43 234 235 236 81 27
11 26 1 86 145 42 178 203 232 237 35
22 17 134 108 92 224 248 183 254 79 27
80 98 177 40 80 178 31 105 238 204 30
122 155 140 125 142 98 129 172 160 1 19
23 6 23 135 79 75 177 152 187 46 19
7 4 15 89 128 202 65 140 242 198 32
124 177 18 66 228 233 223 243 181 57 35
46 97 25 103 205 209 171 217 191 99 32
26 18 1 112 148 41 176 208 230 232 36
11 10 6 63 58 34 182 202 227 170 30
26 15 9 124 87 46 234 239 247 78 27
81 33 1 178 124 66 238 233 234 64 29
20 19 7 83 81 46 172 198 214 147 28
48 34 4 98 94 57 201 195 155 31 19
58 19 13 143 192 32 192 218 139 46 25
23 5 33 58 243 12 202 194 224 37 27
15 17 31 38 65 97 32 131 243 210 30
40 27 61 147 124 133 177 198 251 132 30
177 203 230 193 215 239 208 221 234 71 40
119 129 159 96 149 202 146 151 142 35 21
97 118 180 107 143 216 123 156 229 190 36
111 118 176 105 132 199 127 154 224 196 34
109 140 175 103 164 223 151 135 99 9 21
102 137 172 120 161 211 135 161 190 131 31
115 116 184 117 132 213 137 155 240 223 38
14 23 16 96 131 45 25 231 222 30 21
20 42 94 69 94 146 115 164 242 209 30
20 30 11 73 77 64 81 106 174 7 12
37 28 38 129 127 155 216 213 241 11 23
17 16 40 57 76 111 175 209 247 156 29
69 45 42 134 110 121 226 200 208 12 21
21 25 22 57 71 68 66 116 177 8 11
17 38 50 113 122 109 123 189 239 40 18
24 44 55 102 99 81 104 189 250 166 29
13 32 43 110 102 72 81 174 250 89 24
5 132 51 57 180 168 53 163 243 241 37
15 23 45 87 88 96 90 161 245 48 16
13 13 45 91 126 196 80 150 245 67 22
20 26 35 69 82 80 64 140 207 6 14
68 246 191 254 253 91 182 253 248 68 43
6 29 20 39 63 39 3 153 254 199 29
23 107 138 27 143 203 12 150 228 45 22
10 53 28 43 164 190 10 159 190 20 19
9 10 9 30 237 75 6 250 191 67 26
40 60 37 46 125 215 66 117 244 183 31
11 47 116 81 65 62 76 153 251 107 23
21 64 36 53 101 105 148 191 248 219 32
39 34 46 72 145 156 52 192 217 42 21
55 110 70 152 154 88 14 118 240 241 35
29 26 33 53 63 132 106 105 210 52 18
7 31 33 98 88 82 148 137 217 63 20
11 14 53 127 123 151 191 200 247 157 31
5 69 9 164 177 81 33 159 241 248 37
11 35 84 86 137 213 42 88 174 57 21
6 3 145 28 44 204 178 182 246 252 37
4 67 69 23 75 55 54 163 224 198 29
6 138 93 35 156 90 103 245 221 50 22
9 33 30 67 73 49 21 138 245 127 22
110 35 51 144 140 204 122 167 246 36 24
31 98 24 155 83 227 100 183 193 13 21
91 53 77 154 130 143 143 170 232 34 22
35 17 37 67 111 233 246 197 250 136 33
87 140 38 60 119 61 164 227 233 125 29
38 41 12 103 112 69 201 233 209 31 22
10 69 27 83 151 200 103 142 248 97 26
249 247 59 188 170 113 250 169 174 2 30
14 52 24 87 97 70 111 151 239 189 30
17 9 24 106 45 46 185 139 234 219 32
11 16 180 23 76 197 160 214 179 7 20
17 38 26 97 129 118 149 165 158 95 23
47 190 83 211 102 187 233 144 250 93 33
80 30 84 52 105 254 236 158 177 12 22
109 94 37 178 157 137 225 196 240 110 33
31 41 49 66 73 62 152 205 246 84 24
27 122 61 58 67 40 209 168 245 98 26
94 162 125 76 145 158 101 159 230 186 34
4 20 45 64 107 157 123 180 245 231 35
33 9 101 139 62 142 194 96 231 208 33
18 61 125 179 102 208 219 159 246 102 31
22 81 117 32 116 184 32 139 242 244 35
12 16 12 28 36 48 107 140 185 111 22
73 110 138 130 166 198 152 186 215 102 30
34 46 83 115 142 172 174 197 220 60 25
97 18 74 78 66 157 39 112 245 180 30
113 19 148 135 57 210 204 120 251 149 32
65 12 101 72 37 151 154 130 251 228 34
129 98 164 105 95 187 218 182 219 40 24
80 21 103 75 41 158 158 128 242 153 28
70 16 104 77 43 161 159 129 242 166 29
76 22 108 91 51 161 161 131 246 175 30
64 10 92 74 34 144 144 120 245 247 37
135 33 121 116 78 199 43 86 246 110 27
64 10 95 73 37 151 152 130 251 245 35
69 28 113 81 59 165 157 126 218 111 25
75 8 110 84 28 156 159 101 223 125 26
97 19 26 221 76 35 24 95 192 17 19
14 33 19 68 149 230 116 155 244 64 26
38 54 52 103 103 69 20 142 244 194 31
153 14 40 93 90 219 50 95 185 5 18
29 41 16 108 98 76 164 172 236 248 36
30 39 126 93 54 88 137 124 196 31 18
19 41 45 185 104 41 152 174 225 223 36
17 27 38 93 121 126 209 239 251 145 33
2 38 26 102 120 66 36 170 245 245 35
8 24 33 103 149 194 50 123 221 254 37
21 8 47 12 57 177 141 166 252 190 31
23 12 27 212 82 13 189 222 250 133 33
104 4 22 48 225 11 69 222 210 120 32
168 22 11 212 49 33 236 133 163 10 22
13 118 24 17 124 72 10 155 223 115 25
108 133 33 101 109 76 203 196 251 216 37
27 72 30 60 88 71 158 179 228 112 26
91 80 80 120 148 45 225 164 251 27 24
94 77 82 143 100 68 104 166 245 251 36
41 4 41 88 124 237 81 145 254 53 25
17 68 134 82 80 93 143 164 226 253 35
68 82 140 221 167 130 138 197 228 27 27
157 122 55 182 204 206 152 212 245 93 36
26 27 152 170 232 237 61 237 185 22 31
7 64 122 122 184 226 92 172 233 213 39
7 52 32 96 130 71 71 192 219 139 28
6 31 116 112 158 245 78 135 241 184 36
5 88 111 47 158 215 45 131 227 163 32
28 5 29 20 69 214 92 95 164 43 19
183 31 20 164 47 34 75 127 243 238 35
15 5 18 61 51 116 148 127 239 240 34
11 50 84 91 74 41 93 171 239 159 28
66 238 59 27 79 31 206 175 247 210 37
36 106 96 98 100 63 212 194 230 205 35
14 219 125 37 237 182 6 150 135 17 26
90 77 24 142 112 76 190 175 235 172 33
202 90 141 194 103 137 238 206 216 32 29
4 47 48 63 119 126 40 147 234 150 28
12 40 42 46 218 135 18 250 242 212 41
17 154 112 66 214 160 31 239 241 186 39
53 83 94 72 107 96 153 224 249 147 31
58 62 48 90 93 62 35 163 254 96 25
63 89 158 142 185 234 185 212 162 14 27
14 22 42 79 64 55 17 103 218 22 16
250 250 250 252 252 252 253 253 253 164 63
24 194 178 57 239 234 51 244 248 249 51
38 169 184 66 221 232 55 214 214 42 32
60 33 63 58 79 144 75 142 235 69 22
103 22 23 93 43 63 111 136 239 250 34
3 48 83 50 46 52 16 94 249 138 26
46 34 28 100 91 84 247 248 249 179 37
54 244 40 232 247 43 50 127 180 5 31
14 48 51 102 111 79 113 210 253 228 37
16 40 50 95 95 77 134 182 231 121 27
32 39 51 222 207 183 253 253 254 229 51
6 4 111 26 89 203 23 163 249 159 31
8 49 65 13 96 150 33 158 250 237 35
7 11 63 14 77 161 8 135 239 169 29
8 17 26 58 54 48 9 116 241 202 30
8 34 43 79 93 69 28 159 252 89 24
37 37 42 92 106 131 145 183 241 168 32
76 47 16 50 45 51 4 80 229 150 26
42 81 64 92 115 74 28 164 243 112 27
0 29 19 62 59 32 10 102 233 186 29
131 154 151 195 199 165 232 252 254 238 51
30 42 89 72 91 131 95 159 249 179 32
64 69 67 83 79 71 113 166 236 254 37
64 68 64 80 75 65 108 160 233 212 33
62 66 63 84 79 70 113 164 235 223 35
29 92 145 124 128 121 250 244 250 97 34
50 67 75 200 210 200 147 198 232 7 30
22 212 170 71 199 217 46 132 244 79 33
37 199 169 62 215 221 36 176 243 172 41
61 169 179 181 253 253 146 245 248 35 41
26 77 119 87 153 215 50 141 241 98 30
43 40 66 93 95 113 131 179 248 233 37
13 15 34 77 54 44 41 122 235 119 25
14 38 42 96 115 69 27 177 227 0 19
17 104 136 66 81 32 59 199 243 240 37
11 25 38 78 74 50 31 122 216 38 19
6 37 25 53 103 67 38 213 250 119 28
4 67 61 100 234 128 46 140 250 79 31
15 26 46 95 80 64 36 117 212 13 18
59 99 103 87 121 147 144 147 204 120 28
85 119 145 109 74 31 12 61 162 98 23
21 127 48 165 211 73 148 247 244 189 43
65 97 95 94 115 148 155 149 229 159 32
66 99 126 111 132 153 150 135 147 34 22
54 99 122 93 121 168 166 166 246 231 38
12 4 17 23 16 34 12 46 110 26 15
111 95 115 109 139 195 58 140 241 108 30
18 17 30 71 92 119 187 220 249 115 27
14 26 47 139 145 151 31 137 239 80 26
14 27 34 111 107 81 119 179 235 216 35
24 26 57 65 86 129 150 192 246 146 30
10 29 65 81 69 60 81 144 238 171 29
29 76 93 99 99 70 228 212 209 12 16
31 58 156 132 86 94 183 180 246 95 32
14 42 41 86 101 69 208 245 243 69 27
62 102 125 136 185 203 153 193 202 25 26
15 28 57 32 61 94 90 126 164 87 21
18 23 7 155 236 46 231 145 175 27 27
10 17 20 24 35 44 221 243 254 166 34
5 19 22 70 66 43 254 240 194 1 21
16 19 14 75 67 35 251 241 182 9 22
9 1 14 37 26 39 209 213 244 225 36
5 21 9 150 144 65 108 226 246 138 32
18 12 14 91 65 88 240 188 243 116 28
22 2 52 195 94 109 245 176 229 91 30
9 12 40 177 77 102 237 115 218 107 28
17 1 72 200 98 150 252 169 235 202 38
16 1 64 187 103 141 252 173 240 202 38
11 14 23 45 57 111 140 139 243 154 27
159 212 201 202 252 242 251 254 200 6 41
18 31 16 62 75 77 119 147 240 155 27
9 20 148 31 70 221 24 88 254 240 35
13 17 210 43 74 243 37 89 215 10 19
3 46 187 80 50 74 41 122 246 120 25
18 18 221 47 69 251 43 92 243 32 22
5 57 178 57 42 74 46 119 246 119 24
18 33 244 59 95 251 68 123 231 9 21
7 131 147 41 172 226 3 95 193 78 25
64 97 123 114 155 191 146 185 223 149 32
70 117 128 124 179 200 169 191 168 47 26
61 69 103 94 131 178 119 156 206 170 30
51 56 100 107 127 185 123 151 220 223 34
