53 20 65 104 4 86 124 114 151 12
214 218 182 229 232 219 209 179 180 34
226 216 230 223 213 234 225 211 228 37
152 141 132 155 154 155 158 174 153 20
103 108 117 146 131 117 109 114 117 15
54 30 68 65 77 98 140 120 121 12
139 123 85 186 154 120 192 201 208 21
1 0 1 0 2 12 7 0 0 9
85 160 177 114 171 187 127 44 69 19
138 109 85 158 128 106 162 134 116 15
208 210 212 210 208 205 224 223 222 34
101 71 128 146 171 192 215 227 229 25
52 94 65 84 113 91 189 183 75 14
70 74 74 69 75 74 69 78 78 11
120 116 127 136 117 110 137 129 139 15
110 101 109 114 114 123 94 93 108 13
89 88 71 43 19 4 93 146 180 12
227 231 228 218 219 220 196 203 218 36
85 164 215 65 202 239 48 206 229 28
171 215 188 145 93 76 205 191 180 21
209 219 164 203 218 153 202 217 136 28
87 86 82 128 132 129 114 115 114 14
231 232 229 230 231 228 229 230 226 39
154 151 151 148 146 146 139 133 130 18
186 186 187 185 181 179 181 172 167 24
21 17 46 4 12 93 97 113 152 11
26 0 4 104 58 19 129 105 75 10
124 93 82 124 108 100 149 139 132 14
218 218 217 214 216 220 215 216 218 34
77 154 202 97 182 219 193 254 245 29
252 255 231 236 240 247 124 132 122 36
251 252 212 238 248 214 224 232 220 40
250 245 235 247 245 238 239 242 234 43
232 231 231 239 238 238 241 241 241 41
228 230 229 230 230 233 232 232 237 39
144 147 157 131 131 136 143 136 129 16
240 229 222 225 216 205 199 200 200 33
203 198 191 198 203 201 220 224 212 30
173 213 212 158 222 220 221 196 203 31
82 77 74 78 74 72 79 76 76 10
188 193 196 176 188 201 180 183 192 26
80 65 43 144 173 176 171 139 75 17
223 204 226 224 232 236 217 222 225 37
97 90 81 102 99 95 101 101 99 12
52 77 167 51 90 183 58 101 197 16
113 124 113 175 78 59 6 84 51 12
243 244 245 248 246 244 242 240 240 43
135 94 113 197 176 183 174 119 102 19
231 231 231 210 211 213 223 224 225 35
131 146 159 143 157 161 161 187 200 21
63 52 136 137 143 138 136 144 129 15
202 234 220 212 227 214 192 223 247 36
211 152 208 231 172 230 231 225 255 32
254 241 235 253 239 233 254 239 233 42
251 201 205 158 182 183 209 199 200 28
118 112 56 110 82 82 126 89 96 11
83 117 140 198 203 250 218 214 228 30
40 61 62 20 203 197 69 254 240 24
218 234 246 231 196 166 168 96 43 27
235 221 219 218 211 214 209 237 233 35
117 130 119 89 108 105 188 212 54 15
209 222 233 218 234 246 231 196 166 36
81 117 120 67 97 90 14 52 39 11
35 41 48 59 54 49 85 68 51 9
163 178 251 246 243 250 94 130 22 32
57 70 79 57 70 81 59 73 83 10
179 178 175 171 168 165 181 177 172 22
194 103 82 3 13 4 4 87 67 10
216 206 230 201 195 212 191 185 209 30
198 234 229 172 154 158 191 187 187 26
59 34 59 34 26 90 31 35 116 9
131 88 7 32 54 69 59 77 74 10
78 54 49 98 64 43 95 60 37 9
98 69 12 102 116 116 113 84 120 12
199 226 227 198 224 227 219 226 226 36
216 240 139 241 249 145 171 211 128 30
54 80 120 133 173 183 157 189 193 20
208 191 180 163 174 194 215 77 90 22
108 108 115 107 105 111 104 98 106 12
239 238 255 168 208 206 108 255 225 36
59 57 52 66 63 60 70 70 70 9
215 215 217 219 220 222 221 223 225 35
163 169 128 239 254 225 226 253 255 37
204 215 217 213 213 209 201 194 194 31
122 188 252 105 130 231 187 125 204 26
139 182 198 238 249 196 166 205 206 32
208 211 213 229 234 233 230 234 229 38
69 100 98 71 107 105 63 96 94 12
67 66 48 158 221 255 237 233 215 30
254 189 88 152 105 5 88 65 32 15
101 85 53 79 72 64 83 78 76 10
225 232 239 230 220 225 231 220 222 37
115 149 124 118 101 103 50 57 103 13
199 204 209 202 205 207 210 208 205 31
212 215 190 213 224 185 213 228 185 32
129 130 129 187 169 142 147 150 152 19
33 6 23 38 1 1 52 17 25 8
5 14 15 0 5 0 9 5 15 8
242 213 230 75 111 155 37 26 10 20
207 252 224 217 239 206 246 255 230 40
110 112 117 101 113 129 109 120 132 14
161 71 115 222 14 134 250 195 123 18
243 243 243 244 244 244 244 244 244 44
34 35 36 52 49 47 64 61 60 9
32 106 167 22 78 125 61 43 24 12
40 27 50 62 64 72 63 82 73 10
60 61 65 163 170 178 156 164 173 19
18 12 12 22 24 23 0 0 12 9
52 82 108 54 80 89 74 93 80 11
200 220 179 241 220 198 253 183 187 32
75 69 99 109 129 148 163 193 177 17
202 200 199 209 208 208 214 214 214 32
216 226 255 0 0 76 16 0 83 18
147 134 135 127 130 116 125 121 120 16
153 179 125 130 162 82 100 143 34 17
226 227 228 231 231 231 189 191 215 37
152 155 158 195 191 184 133 130 127 22
152 178 178 130 158 157 198 172 166 22
231 196 166 168 96 43 75 91 124 18
69 71 73 70 70 71 67 70 71 11
35 35 38 102 110 96 126 142 145 14
153 188 165 122 96 89 170 168 187 19
248 188 211 255 200 208 252 247 239 37
32 131 241 80 130 247 43 106 246 26
63 70 68 63 71 70 68 69 68 11
159 128 169 144 121 151 146 118 129 18
196 191 188 178 174 174 172 172 178 25
243 229 134 147 194 199 65 112 215 27
222 219 218 208 219 218 178 204 206 35
169 30 52 189 62 64 160 208 182 17
190 198 184 169 183 197 160 174 182 27
13 23 31 17 14 30 37 15 1 10
216 216 216 201 201 201 189 187 185 31
2 232 160 14 207 81 1 148 33 21
207 228 220 218 219 217 221 211 214 36
236 215 171 192 199 150 116 132 106 25
47 55 62 65 77 81 71 80 82 12
214 211 210 198 209 211 196 215 213 34
56 78 62 52 49 36 72 59 52 11
201 170 159 173 170 180 153 174 188 25
177 170 123 74 184 199 0 54 127 21
53 18 4 91 153 197 166 169 172 20
73 99 109 138 144 140 142 157 153 18
216 219 215 202 216 195 128 161 115 30
53 53 60 46 49 56 51 65 51 11
139 133 126 117 118 130 101 100 153 16
64 61 60 60 59 60 52 48 46 11
140 236 254 199 232 196 183 152 193 34
114 86 98 141 121 118 129 116 122 16
119 140 119 203 144 131 114 124 134 19
155 82 43 60 90 146 175 179 194 18
130 125 137 134 129 133 137 131 125 18
203 194 190 190 181 224 186 183 173 30
83 93 101 89 89 77 106 88 57 13
244 220 206 226 180 179 183 183 159 30
203 164 63 145 148 92 77 148 154 19
67 59 49 69 44 15 143 135 125 13
94 71 74 149 176 193 197 195 198 24
200 202 202 202 201 200 199 212 216 33
213 217 216 221 226 221 237 210 239 39
54 90 5 60 84 19 73 67 3 12
65 66 74 135 134 129 155 145 130 17
132 138 141 177 152 181 154 27 103 20
111 165 165 74 158 162 94 160 158 21
242 241 236 240 240 240 236 237 237 45
218 215 212 220 209 201 213 212 210 35
0 0 0 17 2 10 0 0 0 11
8 15 40 59 56 55 46 49 47 13
219 217 217 202 206 214 203 202 210 35
184 183 188 158 156 169 161 158 168 25
81 110 171 78 115 171 73 118 187 19
215 214 212 204 205 206 200 204 210 34
124 32 131 126 80 130 141 43 106 15
77 73 70 80 75 72 79 74 71 13
158 75 7 184 118 17 215 161 45 17
74 37 52 68 43 58 61 71 83 12
150 129 70 153 156 135 155 163 164 20
209 212 206 171 179 188 188 199 212 31
108 59 85 98 90 71 57 73 74 13
232 241 250 229 231 244 248 251 247 45
161 171 157 174 176 179 176 175 178 26
236 234 238 235 239 240 240 240 239 44
166 157 150 149 149 148 149 149 149 21
218 225 216 205 149 126 64 105 206 26
201 236 218 195 228 216 251 217 209 38
149 149 136 134 129 119 121 106 97 18
196 192 228 229 233 255 203 197 204 39
106 107 101 201 113 59 198 225 197 21
169 149 133 172 110 118 164 98 107 18
192 226 220 197 232 177 207 236 114 34
29 79 93 20 76 96 92 84 76 13
225 226 222 218 224 201 238 243 216 39
94 130 121 130 149 125 115 115 98 18
48 49 48 177 177 172 234 242 229 26
153 194 200 102 158 168 79 161 181 24
125 125 119 115 107 95 158 154 151 17
85 82 110 57 137 193 61 112 142 18
71 75 80 73 77 82 71 74 79 13
218 188 50 233 198 87 224 187 37 25
199 196 194 173 172 170 172 171 172 27
223 228 233 230 225 221 196 217 226 39
184 115 109 157 63 29 106 82 105 15
54 53 52 51 47 41 45 38 28 12
217 225 246 100 250 255 97 251 221 42
178 125 110 186 86 73 165 33 86 15
213 213 211 222 218 215 210 203 198 35
1 27 43 7 13 23 14 5 7 10
71 67 81 57 55 64 60 33 35 11
99 118 141 23 46 85 172 207 228 19
42 44 58 5 52 62 44 39 78 12
85 131 133 117 174 152 120 133 117 19
117 94 123 121 97 138 121 160 137 17
188 89 52 247 150 48 244 193 56 21
79 71 69 34 63 107 171 216 236 19
64 66 95 107 46 76 123 59 96 13
123 30 72 148 89 53 185 100 26 14
225 53 140 218 34 142 235 37 131 17
216 192 143 222 177 119 125 104 59 22
145 132 119 126 116 108 136 125 115 17
230 233 234 232 237 239 235 239 241 44
42 53 43 24 60 53 48 48 66 12
220 219 214 197 193 191 216 174 132 31
223 221 212 219 223 223 222 231 231 39
104 84 164 75 104 189 65 132 226 21
250 238 224 230 207 218 244 229 227 40
208 207 215 217 221 231 212 213 218 38
164 177 197 166 170 177 187 187 188 27
154 158 154 187 187 189 224 224 226 30
18 47 91 0 12 42 45 29 7 12
52 41 36 69 54 45 62 59 55 12
52 62 69 51 84 101 76 121 147 15
44 39 60 56 103 140 110 178 188 18
79 130 192 75 142 192 79 138 185 23
101 141 104 108 138 124 116 86 76 17
151 155 78 105 120 46 65 96 47 16
11 103 152 130 208 252 212 194 246 33
175 182 179 213 205 194 196 181 172 30
59 60 59 64 62 60 68 63 59 13
155 172 188 225 233 250 230 233 232 40
182 208 199 242 200 201 227 185 192 33
141 133 146 182 167 163 178 185 184 25
177 158 142 193 180 169 216 207 199 28
91 111 113 107 106 108 115 91 95 16
244 248 162 224 232 205 208 228 145 37
202 184 176 195 171 167 188 167 171 27
70 72 74 69 72 75 69 70 71 14
208 84 5 251 119 24 253 147 60 20
235 185 135 83 5 6 66 97 129 18
36 11 50 56 78 88 47 43 18 13
40 190 255 37 165 255 35 140 251 33
223 198 115 220 255 248 235 233 216 41
218 206 186 247 239 198 166 213 231 38
221 69 0 252 1 123 231 33 90 19
206 202 203 201 209 218 200 205 211 36
51 51 55 53 54 56 56 57 59 13
127 157 184 74 252 141 176 235 165 31
81 75 99 65 76 119 89 115 135 16
87 63 44 59 46 34 41 44 42 13
209 230 221 202 223 123 81 70 34 29
188 182 178 185 182 180 219 213 205 31
0 2 153 87 32 118 118 61 124 16
118 118 119 128 127 126 114 115 114 18
223 224 224 220 219 218 222 222 222 40
174 172 173 180 174 175 241 211 191 29
218 214 212 215 212 209 218 220 221 38
191 187 182 203 202 196 216 208 203 33
176 187 184 204 211 210 199 198 199 34
102 43 0 66 27 0 68 39 34 13
129 59 0 94 53 18 46 43 18 14
188 202 203 214 196 196 199 189 189 33
125 170 221 103 149 187 67 150 200 26
168 178 193 166 175 190 161 161 166 28
94 98 88 105 103 108 137 132 127 18
169 181 193 195 191 189 202 189 176 30
96 98 70 52 57 56 95 88 84 15
41 74 66 48 58 77 113 68 115 15
119 129 130 126 117 110 100 82 67 18
107 152 145 155 162 133 74 55 33 20
220 221 225 216 216 221 216 217 220 40
191 174 171 220 209 198 217 192 192 33
205 205 190 208 208 190 217 217 205 35
218 225 231 189 190 192 143 135 126 31
218 200 197 220 205 190 194 182 168 33
235 236 236 239 238 238 238 238 239 46
150 142 174 123 116 153 141 142 142 22
235 234 234 239 238 238 241 242 241 46
254 225 218 49 41 54 60 66 67 22
141 121 118 129 116 122 98 88 95 18
178 92 122 137 83 135 93 86 158 19
102 198 192 194 22 0 117 88 88 20
44 71 55 52 60 55 43 67 54 14
125 116 111 135 119 108 140 126 110 18
74 126 46 228 223 133 183 113 179 26
199 193 27 198 192 33 197 189 32 25
238 239 238 242 243 242 240 241 240 47
148 142 138 144 153 156 149 160 159 23
189 195 198 213 210 205 209 205 199 35
231 229 220 228 231 234 226 236 216 43
226 228 216 228 230 215 227 238 208 41
67 46 48 63 50 51 58 44 44 13
200 118 210 193 135 173 186 110 143 24
213 209 215 215 215 210 211 214 213 37
242 219 79 247 208 46 231 201 44 29
132 173 184 116 149 170 110 125 134 23
64 64 57 68 70 65 71 69 71 14
176 200 254 228 243 224 252 254 253 44
231 252 141 241 214 214 226 148 255 38
149 161 189 204 209 200 200 189 210 32
157 193 204 130 141 136 113 69 39 22
228 217 197 186 171 81 203 119 1 25
139 121 130 144 137 140 133 160 157 21
204 206 210 193 194 194 171 168 166 31
213 215 218 217 218 220 218 217 216 39
186 190 195 237 230 221 215 214 214 37
215 240 166 211 238 175 210 232 181 36
248 254 254 254 235 207 214 179 120 42
216 170 148 219 170 146 169 140 132 25
211 226 215 216 217 221 228 223 219 39
74 73 96 141 149 143 114 104 121 18
150 178 181 171 206 166 157 186 172 28
167 161 190 183 181 179 163 171 192 28
164 189 180 194 150 228 134 178 168 29
84 116 139 94 118 138 101 115 107 18
149 145 133 185 190 192 216 220 222 30
159 126 57 124 80 34 121 71 38 15
208 194 210 136 47 71 172 173 192 24
221 195 169 197 184 176 211 192 174 30
205 214 226 155 156 149 39 48 37 25
64 49 184 71 81 20 43 99 1 15
123 26 53 110 15 40 94 11 39 14
162 23 0 163 56 31 100 19 0 15
190 191 191 191 195 200 193 197 203 32
144 178 181 115 158 175 92 106 110 23
202 203 205 203 205 208 193 197 203 35
5 19 43 24 43 59 50 51 52 13
181 178 139 94 149 139 52 111 112 21
70 102 137 74 128 160 69 143 176 20
40 46 54 47 50 54 70 61 49 13
187 191 196 184 189 194 190 195 200 32
168 252 215 153 255 214 144 250 214 41
35 191 251 81 127 171 94 118 144 24
232 223 217 242 228 221 246 227 222 42
184 184 192 166 165 175 184 181 176 28
58 0 0 51 0 14 108 11 1 13
33 75 85 7 55 73 22 57 62 14
119 60 77 169 14 61 158 16 72 16
13 0 1 41 10 1 1 49 26 13
193 185 182 244 245 229 174 188 160 37
169 172 170 155 155 148 157 134 129 24
240 230 232 215 214 221 203 231 237 42
190 197 200 190 196 199 191 195 196 33
194 194 195 196 194 195 197 195 196 33
216 214 218 209 214 218 206 207 211 38
255 240 211 164 144 114 100 109 97 27
218 213 209 220 216 212 214 211 209 39
165 243 255 128 144 212 124 78 128 30
193 83 82 194 56 69 179 46 58 18
181 178 178 159 198 214 186 189 188 32
232 238 239 218 213 215 213 194 195 40
254 180 168 230 122 129 201 63 88 25
127 129 150 105 118 105 108 117 72 19
173 177 182 183 186 187 173 174 168 29
239 242 243 239 242 244 240 240 243 48
213 213 212 206 207 211 219 221 224 39
46 42 32 49 43 4 53 45 19 14
154 123 106 218 197 183 202 208 215 31
118 118 114 139 125 100 147 136 106 20
213 216 217 198 197 190 203 202 193 35
216 214 213 208 206 205 228 227 226 39
207 208 210 184 187 194 197 197 197 34
81 108 133 108 132 115 136 147 92 20
255 246 253 126 139 253 0 51 229 37
84 75 81 49 72 101 32 69 94 16
108 70 237 87 86 208 82 98 223 26
77 123 144 125 122 110 163 152 131 21
114 111 112 135 139 147 125 132 140 21
87 153 76 48 129 69 141 175 129 20
132 57 229 134 90 142 110 251 207 27
149 89 16 129 70 1 156 135 109 17
218 195 194 211 204 200 198 194 192 34
116 124 110 163 149 89 150 129 70 19
235 213 210 226 214 194 178 190 159 35
208 190 184 217 205 199 225 219 216 35
181 182 182 180 180 180 185 185 185 31
203 199 194 136 137 138 145 146 145 25
93 101 115 85 105 114 100 122 128 18
222 223 190 203 201 225 208 209 233 37
242 229 238 241 206 217 223 208 217 40
48 0 15 68 148 201 178 203 208 24
178 196 176 139 174 187 87 130 131 26
121 254 235 106 227 247 123 211 232 41
239 212 253 249 200 245 210 127 147 38
183 229 197 213 239 166 111 207 166 35
254 219 219 235 222 224 215 236 235 42
70 134 127 115 39 125 147 86 139 18
240 223 217 244 243 240 244 252 255 47
34 52 29 0 9 35 30 44 68 13
163 164 173 176 172 176 217 216 216 30
0 61 86 1 62 86 27 76 99 14
107 50 17 113 11 28 85 5 99 14
224 226 230 223 222 226 221 221 217 41
237 197 123 0 17 82 99 104 113 19
223 221 232 230 230 235 235 235 232 43
98 96 91 104 104 99 108 107 102 16
87 55 33 52 53 48 39 53 44 13
209 198 188 236 220 190 218 217 190 35
119 76 213 103 86 203 108 100 184 23
26 0 38 0 0 12 0 27 31 13
157 93 40 126 57 38 80 34 58 15
205 149 126 64 105 206 254 237 240 30
72 56 62 93 74 70 108 83 68 14
146 170 177 163 182 186 168 165 166 27
129 218 180 131 219 193 147 216 165 32
215 207 206 211 182 186 153 22 49 28
227 231 232 226 230 231 225 229 230 43
150 207 244 119 215 80 110 193 96 28
200 205 210 214 215 218 231 232 234 39
192 179 143 172 153 117 187 189 189 25
155 153 153 176 179 178 83 91 92 23
232 234 232 246 248 241 242 241 238 47
208 251 252 255 217 144 83 42 74 33
129 84 47 144 112 85 168 157 146 18
135 70 83 146 188 177 132 154 138 23
188 243 233 212 217 239 228 189 228 41
26 38 39 38 17 22 18 21 11 13
85 85 86 59 60 58 50 47 49 14
149 153 171 176 125 163 170 122 131 23
81 70 63 65 56 50 58 49 44 14
103 133 122 108 128 108 125 133 104 18
50 206 244 96 240 254 79 221 226 40
29 30 29 110 133 166 119 136 192 20
239 225 223 231 203 197 209 196 193 36
120 126 122 118 104 103 116 117 114 18
121 103 97 213 232 147 145 138 153 26
217 215 236 213 211 233 220 222 249 41
65 63 63 64 63 63 70 72 75 14
135 1 60 132 3 39 137 16 26 14
198 150 131 220 215 232 224 243 212 36
135 136 134 143 141 139 158 158 159 21
154 160 164 180 179 177 147 151 158 25
114 33 41 74 10 34 59 26 31 13
78 244 169 72 129 152 150 158 233 26
32 12 1 116 93 79 86 63 63 14
0 68 75 0 50 37 71 43 64 13
175 176 172 150 150 171 152 152 183 25
136 93 102 150 16 45 0 57 72 14
213 229 127 210 180 122 184 140 168 27
218 219 223 212 212 226 208 207 221 38
132 134 139 161 160 158 142 137 128 21
25 117 198 0 48 192 20 62 192 20
38 0 42 178 64 18 210 104 61 15
122 144 193 115 112 161 112 113 143 21
185 187 190 187 191 196 195 197 199 31
163 176 173 254 198 195 220 233 233 35
202 196 212 202 200 204 202 217 234 35
77 74 68 60 54 51 51 32 28 13
232 254 238 228 251 254 229 254 226 48
182 207 190 195 218 208 211 215 216 35
74 94 61 70 73 30 63 50 0 13
118 125 183 124 111 97 117 122 137 18
40 23 76 67 1 24 99 22 0 12
51 52 53 48 45 44 54 54 53 13
0 113 205 89 163 232 213 215 213 30
228 225 220 217 217 221 207 207 219 38
25 36 11 52 50 24 25 72 79 13
109 119 134 126 134 132 139 135 135 19
197 231 241 235 245 233 230 232 218 43
0 0 144 122 172 182 226 255 179 26
205 205 190 208 208 190 217 217 205 34
198 209 225 163 184 235 118 142 200 33
136 157 186 174 130 142 172 12 79 21
183 44 92 108 55 64 80 60 52 14
233 237 242 235 241 247 239 251 249 47
217 226 229 206 207 206 202 191 185 36
182 231 249 166 186 168 157 128 75 29
167 159 156 136 137 153 121 131 159 22
69 80 91 118 123 133 127 128 134 18
89 152 153 158 93 115 253 182 193 23
59 93 92 73 81 58 85 68 28 14
74 71 62 72 77 73 74 84 83 14
4 14 52 1 37 57 53 70 59 13
254 233 230 70 45 70 106 77 76 23
216 216 201 219 219 207 205 207 215 37
202 121 1 205 100 8 174 93 0 18
239 235 236 229 243 248 226 223 223 46
193 216 191 217 211 171 186 173 151 32
189 176 252 250 255 226 217 240 250 45
136 243 248 249 239 212 250 225 168 42
244 244 242 238 238 235 229 230 226 46
213 216 218 220 224 228 214 214 215 40
237 237 241 238 238 242 240 240 244 47
171 171 185 153 159 174 173 184 188 28
146 142 139 159 157 152 168 159 153 24
198 211 230 201 207 217 226 213 208 38
223 237 245 229 229 233 196 183 123 40
158 75 7 184 118 17 215 161 45 19
35 0 52 0 183 255 173 219 205 30
164 204 80 105 192 75 44 197 72 24
105 98 132 175 146 177 245 253 198 29
210 209 156 198 210 255 1 1 57 33
194 188 185 196 184 183 178 161 165 30
148 148 144 115 133 140 94 126 138 22
136 116 145 134 143 114 119 121 84 21
102 109 129 115 163 193 139 197 203 27
122 103 79 149 141 92 182 178 116 22
93 94 93 106 77 80 135 84 66 17
93 83 102 105 95 97 92 99 94 18
164 186 85 200 190 97 216 251 190 31
54 84 87 73 112 102 57 114 113 18
254 250 243 254 248 249 239 240 254 52
201 204 204 207 208 211 220 222 224 39
130 181 220 25 65 58 129 155 134 23
231 117 111 214 32 64 148 160 167 23
206 210 216 218 215 224 234 236 235 43
244 243 242 244 244 244 246 244 242 51
86 95 166 112 91 118 138 126 100 20
105 82 74 107 79 67 110 98 88 18
52 37 94 45 14 61 169 141 123 18
53 61 73 65 114 70 35 42 2 17
15 99 210 100 184 249 210 230 184 35
39 116 54 81 14 4 225 167 28 19
126 133 160 120 112 126 129 130 122 22
178 157 31 113 88 18 64 1 0 19
83 91 100 122 107 109 132 138 126 20
173 177 182 183 186 187 173 174 168 31
182 151 137 136 147 3 114 112 46 22
238 254 255 248 239 227 254 228 204 49
181 61 72 1 13 110 92 17 186 20
6 10 58 63 255 244 151 249 233 39
204 197 193 201 198 196 201 202 199 36
207 149 158 213 145 149 249 203 228 32
226 224 205 214 212 207 204 203 210 40
254 198 91 238 232 104 212 214 128 35
221 225 213 225 225 220 217 217 216 43
158 156 160 157 150 157 159 154 163 27
231 228 205 221 228 229 220 212 214 44
67 42 20 76 56 52 28 4 42 17
73 74 74 73 68 72 74 69 74 18
238 249 254 233 221 238 238 231 231 49
82 138 118 179 184 140 114 125 96 25
195 117 123 146 172 172 169 157 155 27
206 183 175 234 215 157 108 62 99 31
227 212 244 175 155 168 137 162 109 32
77 53 30 95 98 72 139 211 160 22
169 187 194 109 118 194 86 76 136 27
177 175 175 183 183 185 192 195 197 33
197 206 203 186 188 187 195 189 190 36
56 57 57 58 59 60 60 61 62 17
106 35 66 230 165 120 251 241 237 31
143 136 130 158 154 151 162 156 157 26
142 154 85 95 117 106 67 96 103 19
169 163 127 137 140 122 140 147 172 24
110 169 226 148 140 233 106 157 255 35
102 118 126 72 136 118 80 144 103 22
231 221 213 224 228 234 224 233 245 46
91 26 32 127 99 7 70 254 236 25
174 165 31 226 41 153 144 54 86 23
252 228 217 199 206 210 199 210 220 41
254 245 229 235 243 240 234 235 230 49
53 53 97 84 78 81 102 93 70 17
166 207 182 210 217 203 222 217 215 38
27 87 76 139 140 147 212 228 226 27
26 47 46 255 255 255 246 244 244 44
234 235 234 238 241 228 233 234 237 48
209 206 208 212 209 226 222 219 250 42
219 216 214 227 222 219 212 210 208 42
176 178 183 166 170 175 181 185 186 31
180 186 192 184 191 197 207 207 210 35
213 216 220 221 220 217 226 220 212 42
193 112 12 190 10 31 223 19 36 20
215 215 208 212 210 204 216 213 209 40
149 145 137 108 144 178 75 115 158 25
115 105 103 98 80 85 101 91 94 18
87 0 138 50 70 192 37 114 255 24
141 153 157 164 159 161 185 173 174 27
171 172 157 138 134 123 130 130 124 24
181 158 133 198 163 126 181 138 95 25
230 84 79 63 86 48 207 172 131 21
38 31 32 0 32 69 28 48 84 16
240 241 242 239 240 241 244 241 239 50
155 142 157 149 145 124 125 139 149 24
87 69 86 27 16 59 43 36 40 16
172 174 178 156 159 164 139 144 153 27
203 199 182 0 5 43 100 110 125 22
208 218 226 211 222 230 213 225 234 43
30 56 58 27 55 59 48 63 63 16
167 175 170 198 197 188 212 200 189 33
31 0 43 55 41 36 56 48 57 16
204 205 207 201 201 201 231 227 222 39
207 187 150 255 168 87 235 204 206 32
101 151 124 95 154 133 107 178 140 24
181 196 197 208 192 178 230 212 192 35
84 109 77 77 78 93 58 32 54 17
151 154 163 159 166 190 163 170 190 29
103 135 200 114 113 192 154 98 196 26
250 232 242 239 243 248 206 232 246 49
118 246 253 236 213 187 226 233 215 42
149 59 104 216 58 36 137 102 123 20
233 202 175 236 232 226 222 227 234 43
84 158 253 140 177 198 255 220 219 35
116 131 157 111 107 156 138 126 141 22
80 115 116 51 111 120 30 80 108 18
186 176 155 184 177 156 190 182 148 28
86 86 106 70 70 86 32 32 51 16
86 188 251 0 22 36 130 154 120 23
71 82 56 69 82 60 72 84 59 16
164 146 142 127 157 153 177 142 140 24
57 0 120 1 52 105 148 125 43 17
221 227 231 243 221 224 249 236 232 45
114 119 183 86 92 140 185 198 147 23
92 143 116 116 144 125 126 136 111 21
143 131 132 136 111 87 104 102 108 20
212 216 181 227 254 175 220 219 178 39
60 70 77 71 79 86 67 73 77 17
32 48 39 96 48 58 74 59 109 16
133 112 141 41 76 55 113 90 130 18
6 79 129 199 172 123 249 180 98 25
245 245 244 239 243 243 235 240 239 50
178 174 169 173 170 168 158 156 154 28
77 141 181 90 89 95 128 86 63 20
110 109 135 147 146 99 150 165 117 22
63 67 49 67 67 48 65 58 41 16
188 63 143 189 81 124 185 106 100 22
235 232 197 237 236 0 233 229 238 40
211 231 225 174 211 214 206 224 203 40
0 12 10 2 0 4 6 20 152 16
172 181 72 166 191 139 134 183 194 28
110 87 99 101 76 91 96 69 95 18
222 210 207 198 189 183 227 194 155 34
147 42 1 191 92 16 231 202 148 22
93 36 71 155 111 101 72 98 54 18
237 236 236 234 235 235 240 240 240 48
85 95 124 90 95 117 89 90 105 19
158 158 157 144 135 147 141 127 124 24
72 73 68 111 121 114 145 149 135 21
192 192 196 181 190 198 173 169 167 33
234 205 212 218 172 194 201 140 174 34
68 50 54 56 32 21 67 42 20 16
151 160 143 227 194 211 249 250 255 39
41 94 124 42 62 59 53 74 60 17
218 215 207 203 200 196 187 180 176 36
251 238 237 142 139 140 145 150 137 31
186 189 193 184 185 187 189 188 188 33
208 220 203 216 221 202 216 212 198 40
254 177 136 217 215 177 188 247 218 38
92 88 83 106 91 82 124 98 74 19
28 40 48 7 23 31 24 71 73 17
83 86 91 78 80 86 68 70 75 18
67 91 103 53 85 114 53 77 108 19
203 207 180 199 189 167 135 218 199 35
80 75 75 127 77 67 160 87 71 19
135 147 165 147 173 187 144 164 168 29
216 213 215 238 248 154 199 213 130 40
117 120 123 107 125 141 134 127 102 23
111 98 46 72 64 4 120 139 107 19
207 204 203 202 199 199 192 190 189 37
53 1 229 40 32 222 32 53 179 27
228 202 187 237 229 220 234 230 227 44
77 68 56 83 70 58 65 54 44 18
71 76 76 67 69 69 65 65 65 18
205 204 181 198 200 151 172 172 131 33
60 55 59 70 67 59 74 70 62 18
228 236 181 46 52 115 38 56 12 25
92 97 111 146 148 150 148 158 152 26
1 62 138 4 71 156 19 102 167 22
97 120 120 140 125 116 186 160 80 24
210 208 210 208 211 212 211 216 216 42
133 151 122 120 104 119 147 93 112 23
161 149 160 144 182 165 91 171 139 29
196 196 211 231 225 212 245 250 249 46
51 56 59 47 51 53 44 44 45 19
146 2 0 188 0 2 206 33 0 21
91 86 91 68 71 84 59 77 84 20
214 213 212 217 216 215 215 215 215 43
203 201 200 210 208 206 211 210 209 41
199 200 171 187 182 188 200 200 202 36
175 176 175 206 213 214 204 210 218 40
96 80 65 98 83 70 93 80 70 20
242 242 242 242 242 242 241 241 241 53
64 97 135 144 118 107 159 122 98 24
163 75 103 222 167 102 208 225 200 31
197 209 211 128 72 12 164 133 113 27
65 181 157 69 159 151 96 154 123 27
140 123 87 159 127 74 154 118 61 23
131 152 204 245 255 234 186 173 212 44
179 185 189 222 226 228 244 243 241 45
99 111 119 110 109 104 115 109 107 22
111 176 108 85 228 189 151 221 250 37
75 77 86 70 94 107 82 102 92 21
125 217 203 110 214 195 118 193 175 36
140 107 91 140 136 140 106 96 101 23
91 19 120 73 4 64 36 18 1 19
204 204 204 195 197 204 199 192 189 38
255 255 255 225 225 227 218 218 220 49
45 113 151 76 147 140 111 161 118 25
147 102 109 105 1 16 106 0 49 19
80 52 17 64 56 60 28 57 74 18
36 54 65 55 71 72 49 52 51 18
151 147 139 164 160 157 177 179 181 29
57 40 58 84 93 109 123 141 154 21
108 85 137 114 105 120 93 135 83 21
190 244 249 185 245 245 198 250 241 49
41 59 6 56 84 53 67 52 37 17
245 243 218 106 69 25 95 90 81 26
242 166 119 251 174 151 115 237 214 34
218 218 218 210 210 210 212 212 213 41
154 162 175 139 156 174 116 127 152 27
156 159 161 172 170 166 155 148 140 28
149 212 238 155 230 239 167 233 242 43
55 51 72 53 52 63 53 53 58 16
158 158 154 158 160 157 168 167 163 27
198 234 165 233 254 165 220 245 150 40
196 215 249 230 236 229 174 199 215 43
198 191 196 96 111 94 132 186 154 25
238 239 239 224 222 220 224 221 218 44
68 56 48 53 49 49 54 56 64 16
179 184 165 229 166 211 163 113 165 31
218 225 216 205 149 126 64 105 206 30
156 182 214 154 165 196 141 184 227 32
30 53 94 52 25 66 71 13 56 16
142 154 173 183 102 119 128 123 89 22
220 214 209 220 215 212 214 213 213 40
207 227 242 155 213 243 105 178 201 39
88 84 97 67 78 69 63 74 61 16
219 198 227 204 215 224 214 185 249 40
93 101 94 93 80 62 95 75 46 17
225 227 231 225 225 225 227 225 224 44
100 143 179 85 159 222 96 176 244 30
205 203 202 196 194 192 190 189 186 34
130 161 173 82 131 113 119 129 120 22
56 105 166 53 51 109 72 38 21 17
137 143 159 154 159 172 179 181 186 27
233 220 187 215 217 187 75 99 91 32
89 60 82 207 186 179 162 125 114 24
34 22 1 103 152 144 208 252 248 27
109 129 133 110 117 123 107 99 100 19
188 202 98 218 227 100 185 197 58 30
185 187 191 178 184 189 179 182 190 30
55 54 52 4 1 71 241 255 232 23
152 146 138 137 134 129 95 96 96 20
175 172 169 214 211 209 218 225 230 36
225 219 223 212 220 220 213 214 211 39
127 102 93 110 84 118 83 84 97 16
238 238 242 238 238 242 237 237 241 47
16 111 62 5 107 56 63 64 51 16
248 225 219 210 193 176 91 59 53 31
141 133 112 122 41 76 138 113 90 17
213 202 110 216 181 15 225 163 10 26
214 215 217 221 220 218 224 224 224 40
224 137 203 184 100 203 159 81 197 26
238 170 80 238 180 82 234 176 79 26
79 79 79 82 81 78 80 78 75 15
227 224 222 234 233 233 239 239 239 44
75 94 196 68 88 164 64 80 184 20
34 51 53 33 105 82 33 89 62 14
137 138 132 123 131 126 140 107 89 19
230 244 225 238 241 231 240 236 232 45
82 85 110 97 95 114 89 77 86 16
196 168 144 131 94 59 142 121 98 19
176 1 196 161 52 248 192 215 197 29
218 218 217 218 219 221 221 222 225 39
229 229 230 230 231 229 232 233 233 43
10 18 27 1 0 1 148 111 73 13
201 195 209 180 200 233 191 190 205 35
24 87 224 38 89 220 59 89 205 23
234 238 243 229 233 236 226 228 230 44
90 48 93 68 71 88 93 118 121 15
174 105 48 199 115 49 190 78 0 17
205 236 231 200 221 211 239 193 186 37
177 207 198 183 212 201 162 186 192 32
63 138 140 1 103 118 21 59 53 16
9 47 108 79 110 138 88 93 98 16
144 128 99 171 147 117 162 159 157 20
63 127 192 66 152 189 43 119 175 21
114 94 82 103 69 68 120 74 48 14
196 186 178 195 187 182 193 191 191 29
70 67 63 67 63 58 63 58 52 13
172 170 168 171 172 171 194 193 191 27
209 217 213 222 207 207 235 220 219 37
140 143 168 141 162 192 131 193 210 26
205 199 191 201 193 171 186 181 159 28
138 149 156 182 188 170 128 113 128 23
237 237 236 235 236 236 235 236 238 44
218 207 197 210 202 196 210 202 194 33
213 217 223 201 204 210 186 189 193 34
215 194 205 226 204 209 225 212 204 35
134 143 156 139 147 157 153 155 156 21
213 212 211 223 220 218 228 223 220 38
242 222 255 228 207 240 255 233 248 43
16 211 253 43 201 254 55 168 254 35
64 25 41 28 0 1 74 58 49 12
220 199 204 217 194 203 221 197 201 33
226 226 220 210 212 207 197 200 198 35
75 77 78 47 51 52 58 63 66 12
137 128 122 134 127 124 170 164 159 19
131 138 152 157 165 175 155 158 160 23
98 118 140 149 157 158 241 156 188 22
89 65 36 83 85 82 72 81 85 13
86 85 70 84 78 71 86 80 79 13
181 155 149 180 147 157 176 167 171 23
144 127 140 208 180 168 195 191 147 24
184 250 220 144 231 236 96 177 228 37
201 212 221 204 209 212 212 207 200 34
219 209 211 224 207 196 220 229 238 36
195 210 205 206 199 174 202 199 156 30
216 215 237 213 202 241 220 204 238 39
56 54 59 52 50 64 52 51 63 12
162 219 192 180 228 200 198 246 227 36
247 248 253 101 95 239 106 136 168 31
64 219 226 170 167 136 142 62 12 23
181 172 151 153 138 117 104 66 9 18
230 228 227 223 220 218 218 214 211 39
27 40 63 30 42 63 35 44 60 12
202 207 195 185 196 212 169 172 230 33
234 231 213 223 221 175 214 202 124 34
92 171 225 1 101 214 8 16 124 22
1 61 84 33 50 64 34 41 48 12
248 206 78 234 255 126 197 240 205 35
198 207 214 214 216 217 213 211 211 36
191 194 193 189 203 199 199 213 202 32
226 228 215 248 189 226 244 219 247 40
187 184 181 227 217 196 217 216 255 35
150 142 143 159 156 154 165 169 167 23
99 40 3 135 251 215 76 166 116 27
125 250 231 178 249 250 104 227 255 43
211 168 216 192 110 245 77 1 232 29
122 56 7 11 1 0 8 41 92 12
180 180 184 191 219 215 105 162 186 31
118 111 74 119 111 79 119 98 63 15
201 199 202 221 233 238 243 252 255 42
228 187 150 204 141 82 176 95 16 21
162 219 202 199 247 212 180 227 192 37
183 187 188 184 175 170 193 181 172 27
74 73 71 71 70 68 60 59 57 13
164 141 123 147 159 165 140 163 180 23
39 160 144 146 112 47 209 255 254 25
216 209 206 223 220 221 193 218 233 37
211 70 90 211 56 119 215 62 120 18
117 95 105 82 162 254 31 149 254 27
218 232 249 6 33 77 1 44 105 21
81 75 71 79 71 68 78 72 69 13
67 66 65 43 24 20 115 120 120 13
189 179 170 200 187 172 184 170 155 27
171 177 180 168 177 182 186 197 205 28
129 142 148 132 137 140 173 180 184 21
32 24 71 1 76 163 88 190 245 20
197 36 0 13 59 47 50 40 1 13
170 198 252 124 183 124 188 78 59 25
150 124 125 129 189 178 144 193 156 23
51 53 50 57 47 40 58 54 49 11
188 165 173 171 161 168 174 170 172 24
202 78 71 198 70 77 135 119 195 19
148 181 199 178 174 177 140 83 43 24
37 29 56 59 23 46 31 51 50 12
191 160 190 192 159 193 169 135 180 26
79 75 78 79 70 79 146 116 108 14
117 82 106 124 90 128 96 104 86 15
180 150 150 213 207 182 246 254 177 31
61 144 241 66 98 249 16 36 225 26
83 40 11 32 65 27 36 46 5 12
221 219 217 216 231 230 236 227 206 40
238 241 238 238 232 233 236 228 229 43
36 102 195 141 243 251 193 242 240 37
94 50 39 143 121 115 195 215 217 21
14 140 241 0 139 255 3 180 230 30
48 110 126 86 129 115 74 119 97 16
223 236 227 225 241 225 215 229 226 42
84 97 90 107 101 83 95 80 81 14
24 38 50 200 210 228 237 234 234 33
210 214 219 177 178 182 187 187 190 31
185 138 198 231 250 245 227 239 237 41
214 213 211 192 190 187 203 200 196 32
14 73 119 0 66 38 43 19 28 12
58 43 48 60 53 62 70 68 73 13
154 150 139 127 125 99 52 120 188 19
200 224 162 145 95 103 227 111 48 21
26 47 96 60 84 149 25 52 84 15
22 41 54 60 60 54 69 61 59 13
63 64 65 67 65 63 69 63 58 13
189 170 163 198 190 175 211 200 184 29
149 176 179 147 137 132 73 73 82 20
58 65 63 50 45 89 79 74 178 15
158 142 100 76 66 47 207 204 214 21
203 189 196 240 191 196 244 236 219 36
80 169 137 155 150 197 59 0 104 22
103 141 45 79 101 101 28 40 100 16
82 78 74 79 83 85 40 49 56 14
190 32 0 176 16 1 163 3 0 15
208 219 219 223 200 164 215 225 197 35
224 216 226 224 214 222 226 213 219 40
70 28 73 56 30 75 72 42 43 14
231 227 225 231 231 229 228 237 233 43
177 130 255 115 116 251 84 127 254 32
239 226 236 6 95 171 89 123 101 26
146 157 44 102 103 91 94 93 75 17
225 222 209 211 208 209 194 192 209 37
71 26 54 77 31 39 119 47 21 14
202 208 221 245 241 211 228 202 229 41
232 248 242 230 233 232 201 197 205 43
214 216 216 210 211 215 225 221 224 39
198 196 195 170 155 146 189 180 174 28
199 198 203 190 189 188 196 194 194 33
4 8 51 25 35 87 115 95 117 15
221 241 227 223 237 225 214 214 201 43
74 155 88 136 249 192 133 254 223 35
68 67 99 149 75 64 201 3 105 17
227 228 242 223 230 245 227 239 254 47
67 80 40 51 108 70 108 169 104 18
100 105 20 242 254 237 226 228 243 40
0 13 26 118 29 6 57 0 22 15
200 200 198 219 230 233 114 137 148 36
122 246 188 136 199 126 180 253 126 32
231 234 236 227 232 234 205 209 210 44
181 193 200 193 188 184 167 165 172 31
109 102 95 137 125 114 114 99 89 19
131 133 172 162 105 110 165 139 134 22
111 115 120 153 158 162 173 181 184 25
172 187 198 19 10 1 57 78 90 20
198 199 200 198 198 199 198 199 200 35
130 108 122 131 94 126 100 127 74 20
255 206 218 229 175 233 211 216 237 41
165 165 162 172 170 166 163 162 158 28
172 89 53 155 107 109 173 154 181 22
145 169 183 145 160 169 202 199 193 30
57 62 47 31 33 47 58 28 17 15
222 218 223 227 224 225 233 234 230 44
245 203 215 173 183 178 205 209 186 35
28 65 141 139 91 52 167 101 81 19
195 224 234 206 213 218 183 147 116 37
197 197 197 198 200 202 200 204 207 36
165 189 185 168 183 177 168 177 171 31
234 235 230 215 200 185 180 180 192 38
5 10 18 14 1 0 182 148 111 17
184 192 184 197 204 193 189 191 204 34
147 199 200 164 181 204 191 215 227 35
9 23 52 0 0 23 13 0 11 16
254 186 183 174 230 222 68 248 227 40
225 139 64 166 87 92 149 105 139 21
10 80 114 0 124 165 38 103 128 20
240 247 254 216 235 254 116 169 240 46
193 119 171 204 155 132 223 204 141 28
216 216 216 198 197 196 207 205 204 37
210 210 196 255 226 226 201 130 169 39
52 4 1 232 241 255 232 237 251 41
184 192 212 156 175 209 227 223 223 36
246 231 214 254 220 200 206 230 224 43
98 96 109 114 107 118 99 106 134 20
234 231 229 218 215 211 203 202 200 41
250 179 152 194 171 203 144 149 204 32
117 118 125 69 126 183 119 71 133 22
219 212 242 221 204 241 253 215 254 45
92 52 75 83 114 1 155 186 116 19
177 239 255 107 149 197 66 12 45 30
79 70 51 93 83 59 95 82 56 17
190 196 206 214 215 220 225 217 207 39
5 23 38 5 19 43 0 2 30 15
234 224 215 234 232 231 209 192 187 42
172 126 252 198 118 254 210 126 251 36
72 26 52 44 16 0 76 152 200 18
120 86 70 187 94 48 250 249 227 26
121 166 160 36 58 38 14 10 4 18
149 163 163 211 223 232 234 238 243 40
127 83 69 73 27 18 126 178 212 20
193 119 158 251 195 203 234 205 202 34
117 82 106 124 90 128 96 104 86 19
0 102 172 2 73 14 79 57 121 18
237 236 241 229 228 230 232 226 227 45
239 240 240 238 237 237 235 234 233 47
42 61 71 89 88 96 115 112 116 17
53 127 222 5 90 209 11 78 214 26
16 30 44 0 1 14 1 2 0 14
182 181 184 180 184 190 176 180 186 31
228 225 207 247 230 196 230 208 167 39
254 247 246 148 189 181 145 126 88 33
143 246 255 23 169 238 93 0 123 33
251 255 222 229 241 215 142 102 154 39
60 63 65 60 63 64 63 66 67 15
193 173 172 146 193 209 252 247 24 33
221 222 222 227 228 229 228 229 230 43
176 165 167 192 184 182 202 194 193 30
229 250 248 170 202 165 152 187 199 36
181 178 134 166 171 151 170 176 188 27
108 97 94 116 100 88 135 120 106 18
1 22 153 28 27 63 36 106 135 16
96 103 124 151 149 164 236 211 175 26
236 241 238 235 240 238 236 241 238 48
81 1 48 62 43 87 39 39 85 15
157 184 169 177 177 177 171 191 166 29
127 169 169 183 142 143 198 158 156 25
152 150 154 160 164 177 153 161 170 26
252 243 121 248 200 181 114 113 212 34
117 104 101 125 98 100 133 96 99 18
130 123 181 157 118 114 186 162 100 22
209 191 172 187 172 160 170 158 151 28
231 242 242 225 243 243 233 246 244 48
6 164 182 49 90 136 0 139 198 22
95 148 182 90 255 193 92 226 164 34
48 64 54 33 50 42 44 96 53 15
186 206 212 204 213 210 173 182 182 36
226 188 134 197 175 162 180 210 232 32
