125 168 124 179 193 116 246 253 243 74 37
74 105 15 124 155 49 74 227 251 173 36
35 70 60 170 140 52 164 229 240 99 29
13 41 28 86 100 50 30 172 251 220 36
29 46 31 84 82 23 140 233 247 209 37
130 155 12 160 179 70 128 192 228 114 32
138 145 6 186 185 70 153 200 231 216 43
116 141 14 183 183 62 2 118 228 179 37
46 70 3 171 145 59 48 125 238 159 32
91 64 1 113 150 46 63 129 237 230 38
97 131 2 94 111 34 150 185 234 167 33
110 103 19 131 145 63 200 230 155 4 18
61 75 10 75 85 48 134 171 240 222 36
132 155 21 132 171 44 202 242 135 9 21
4 34 2 143 182 102 223 236 138 52 25
32 49 71 77 118 161 126 169 208 81 23
39 52 70 74 112 155 122 176 229 119 28
61 81 100 102 157 194 179 183 138 2 17
27 32 55 53 83 132 113 163 235 212 35
5 67 73 125 176 207 165 166 229 243 44
13 4 34 4 32 76 64 199 236 60 20
15 19 210 16 41 236 27 98 251 223 40
7 190 21 27 202 36 7 225 195 80 28
13 230 36 36 68 18 48 96 251 55 21
115 31 12 36 21 65 17 93 239 223 35
11 49 35 51 77 48 60 179 246 115 25
71 39 19 65 128 75 43 255 237 207 38
26 45 58 94 97 69 70 186 252 79 23
58 93 116 192 219 231 250 253 253 82 40
29 105 90 157 159 108 216 214 238 241 45
7 34 42 40 45 64 94 99 220 181 30
6 66 32 88 132 108 110 171 241 179 34
51 24 67 83 168 77 198 147 250 88 26
119 114 156 82 155 238 170 187 130 9 21
12 26 11 26 60 44 81 118 105 14 11
12 38 11 39 64 63 64 125 226 164 29
41 61 22 39 59 60 95 144 246 191 32
47 64 99 92 133 202 184 160 185 2 17
32 9 37 93 49 99 159 124 244 183 32
39 64 8 56 79 49 99 155 233 200 34
96 61 31 72 60 53 111 161 233 36 17
40 36 64 60 73 140 107 155 241 174 32
29 47 73 77 118 157 130 180 225 104 26
40 1 26 45 28 85 120 147 237 244 37
7 178 5 18 187 44 2 206 211 127 31
28 34 86 29 61 152 64 129 246 221 36
7 115 30 11 157 90 7 188 153 122 27
9 7 148 148 234 54 226 252 204 106 36
40 51 14 87 106 62 123 190 227 239 38
7 6 63 35 41 127 126 149 247 215 35
89 96 25 104 86 33 50 121 240 151 28
118 131 25 89 50 218 123 129 248 17 17
82 56 10 46 61 123 62 101 253 234 38
143 85 55 73 64 89 96 144 235 85 23
101 133 11 132 153 61 162 207 222 147 33
69 91 103 126 116 88 60 153 248 219 37
103 114 125 126 121 111 249 251 251 50 27
98 125 126 162 173 160 111 172 239 73 28
59 38 20 68 185 69 28 253 225 96 29
16 52 51 35 83 90 77 175 247 174 31
94 107 35 125 127 116 138 147 244 195 36
8 138 8 20 183 91 2 154 122 34 18
58 39 6 80 47 33 75 109 245 197 32
141 111 101 174 128 89 91 158 242 203 38
145 140 93 135 131 84 77 182 246 178 36
153 160 57 129 134 49 90 191 239 187 37
148 103 53 74 82 78 73 136 176 0 12
20 35 29 59 55 85 183 153 235 240 38
52 50 16 85 71 63 134 145 242 166 31
36 51 75 77 110 150 122 169 214 85 23
53 5 31 61 21 51 150 167 248 250 38
58 67 80 100 130 166 142 193 238 151 33
52 53 81 83 105 160 140 187 253 192 36
44 42 80 76 100 156 131 170 245 120 28
35 67 30 69 111 77 124 184 188 76 21
62 74 92 111 146 183 167 204 239 91 28
52 79 99 114 165 190 171 210 217 39 24
25 53 26 57 109 132 98 153 230 180 32
37 34 65 61 74 139 111 155 238 151 30
26 53 21 59 113 136 98 153 233 211 35
54 73 98 114 159 188 166 208 234 50 25
10 5 16 18 27 52 19 81 160 18 11
13 26 37 82 82 62 23 129 223 3 12
37 46 50 122 106 73 78 169 248 137 29
86 29 68 87 53 131 139 140 248 224 37
8 32 124 59 37 52 66 134 237 15 14
24 42 39 71 78 56 32 154 248 135 27
9 128 147 31 143 176 92 165 213 178 35
94 153 7 125 156 65 148 185 228 233 42
10 14 10 120 128 153 191 160 225 111 28
8 20 7 155 163 158 168 170 242 81 27
65 21 10 40 48 53 31 148 234 181 31
16 19 46 59 62 83 35 107 205 4 11
17 18 44 57 51 64 18 124 252 191 32
11 3 43 34 95 225 11 93 224 19 16
45 30 19 120 74 81 200 130 190 9 14
14 14 22 19 254 15 30 136 255 167 37
118 137 59 140 133 53 94 177 241 220 39
136 80 65 161 105 84 142 186 250 125 30
57 52 35 122 111 72 69 178 254 252 41
43 44 32 74 94 64 48 199 255 162 31
131 10 84 58 189 54 9 252 223 199 40
75 64 53 111 100 87 253 251 248 63 27
160 61 31 99 84 119 72 141 243 29 18
56 23 58 185 123 116 112 152 249 69 24
16 23 154 26 80 204 38 161 252 69 23
25 29 33 71 81 57 39 180 254 195 34
161 154 43 190 178 87 66 164 236 25 23
13 113 121 83 234 248 28 238 249 182 45
17 36 42 88 90 70 32 148 245 154 29
122 10 38 67 152 50 26 201 242 207 37
15 58 38 83 102 93 165 185 249 177 34
79 13 27 124 75 109 154 152 239 197 35
24 25 116 61 119 53 33 252 241 48 22
135 48 49 104 60 83 82 127 236 49 18
18 41 47 52 73 60 9 151 252 166 30
16 20 31 40 71 52 30 206 252 254 39
35 52 57 112 105 75 73 170 246 210 36
111 86 91 113 115 149 141 175 244 189 36
157 29 71 83 210 73 38 252 227 52 27
53 68 50 108 114 74 63 211 252 169 33
61 54 77 133 115 120 73 149 250 31 18
115 126 19 105 140 63 153 210 169 75 24
106 179 7 158 203 76 157 208 208 123 35
45 34 42 102 87 84 132 184 242 236 39
30 13 248 47 116 250 48 226 250 64 29
38 73 82 132 135 99 98 197 249 130 31
43 36 42 96 88 81 119 183 241 254 40
10 33 37 73 80 61 78 178 245 113 25
115 47 253 132 56 207 250 178 254 21 25
3 30 13 149 217 201 226 211 250 164 42
151 68 71 162 97 122 210 170 233 222 41
128 132 37 158 172 138 201 212 244 84 31
105 53 86 117 96 152 184 194 254 136 32
49 50 37 82 117 144 104 161 194 86 23
89 7 86 129 97 186 155 180 254 106 29
62 3 52 96 50 123 152 134 238 119 26
6 4 29 46 35 44 5 112 245 117 24
42 141 69 144 214 106 72 241 244 226 46
39 33 155 53 31 139 116 79 181 78 20
53 44 12 72 119 163 99 149 170 71 21
78 98 22 103 168 117 35 195 238 217 40
68 91 13 87 148 154 126 192 242 217 40
10 16 6 125 117 78 169 200 221 213 38
7 7 6 34 105 209 140 130 235 253 41
15 2 12 45 38 23 162 228 248 251 41
9 47 31 67 111 74 176 184 241 202 36
66 47 17 114 76 42 70 136 248 122 26
15 24 20 56 47 39 7 102 241 81 20
18 50 48 115 136 82 42 198 251 123 29
142 151 162 171 192 213 208 232 251 15 29
70 95 116 111 163 38 144 129 222 43 20
68 89 42 106 145 148 147 166 231 126 30
120 204 16 110 198 59 164 244 172 82 31
134 19 20 146 41 75 200 130 200 112 26
44 53 68 68 92 114 121 160 192 93 23
57 109 99 92 117 101 139 170 226 122 28
35 62 51 78 56 26 54 106 237 202 33
54 85 56 91 145 147 121 182 218 104 27
19 55 37 51 77 86 190 192 242 167 32
88 99 20 113 191 192 154 220 216 54 27
117 141 20 121 77 107 168 95 247 121 28
12 9 14 43 47 36 20 153 255 123 26
17 14 14 40 56 43 27 173 254 169 30
36 35 24 71 70 78 102 139 237 75 20
43 31 40 90 67 57 51 143 251 101 24
25 24 68 38 141 234 88 227 246 15 21
22 8 9 51 54 65 22 105 224 198 32
9 62 162 68 155 225 115 231 254 124 34
112 84 54 76 98 125 117 180 247 145 31
89 223 251 124 242 253 154 249 253 96 45
6 4 8 4 14 38 9 51 94 49 14
50 88 62 173 171 94 118 214 252 87 29
54 65 9 173 142 74 20 107 240 159 32
82 93 8 208 194 83 34 152 236 98 30
55 61 7 117 138 147 124 148 231 148 31
97 74 7 174 140 69 127 165 232 101 28
63 144 205 64 148 195 67 134 153 20 19
141 131 92 57 81 82 142 202 245 108 28
14 6 14 41 25 67 100 106 238 178 30
84 137 151 99 170 197 150 188 168 65 26
69 121 135 108 152 139 156 198 190 113 30
33 35 39 53 52 49 254 254 253 105 30
42 40 42 99 102 68 37 176 253 227 38
53 132 220 58 203 96 51 167 244 152 36
34 27 11 119 184 222 17 148 240 134 33
162 146 36 67 104 67 218 248 193 22 22
86 85 6 138 108 33 94 151 241 178 34
78 82 7 117 106 49 94 151 239 212 36
106 108 7 168 141 47 118 178 246 113 30
71 79 7 128 107 40 86 152 246 229 38
93 86 3 138 119 51 116 161 242 145 30
150 127 12 211 171 60 181 211 230 54 28
36 12 77 67 70 183 98 121 250 199 35
35 43 49 94 101 77 78 198 254 253 41
3 12 7 23 27 53 45 79 214 98 25
66 35 48 140 155 191 148 197 231 192 39
101 144 192 116 160 217 161 178 241 240 47
103 170 196 91 189 245 128 193 198 15 26
114 83 45 106 140 179 177 200 225 182 38
6 10 15 40 35 32 0 108 239 83 20
16 41 60 177 197 213 236 247 252 228 50
126 173 204 154 203 233 23 71 104 5 23
8 14 19 58 32 41 24 76 246 134 25
33 40 43 103 124 116 127 212 248 227 40
43 48 67 103 145 167 159 239 250 216 41
74 167 239 224 254 254 117 189 241 202 55
5 6 60 43 16 53 18 88 237 244 36
65 92 65 72 109 121 160 160 185 80 22
5 133 8 53 157 67 136 89 254 195 36
176 65 122 91 125 205 243 254 157 11 23
7 18 5 27 16 14 7 83 248 215 34
96 29 37 150 84 56 30 141 254 195 35
183 52 48 210 131 119 210 222 245 50 28
129 25 23 219 100 66 203 193 226 3 20
174 34 24 225 95 63 127 148 207 4 18
165 207 16 225 225 63 7 143 244 187 46
98 68 9 156 188 18 102 167 251 243 43
134 107 15 207 180 63 195 212 157 6 22
7 18 110 31 7 47 14 90 247 103 22
23 4 49 157 81 62 152 164 241 181 34
76 62 86 106 83 79 172 177 232 177 34
65 117 25 198 216 115 236 245 230 37 30
14 5 24 68 89 131 166 203 250 220 38
27 13 46 63 112 215 56 134 254 151 32
17 38 47 82 114 125 94 178 246 108 26
17 31 81 78 132 227 129 173 247 76 26
13 33 38 94 100 70 46 167 251 68 21
14 2 20 33 52 173 121 114 238 69 21
10 3 95 19 23 157 78 98 250 212 35
6 87 173 68 167 235 42 114 156 80 26
9 3 8 70 76 87 202 181 115 15 15
12 27 18 58 42 37 18 86 238 51 17
21 121 212 29 99 232 23 67 129 1 15
57 169 52 205 253 235 253 247 254 148 50
4 18 14 90 163 219 110 179 246 134 33
102 81 14 20 33 39 29 85 174 65 17
5 121 97 175 11 245 44 140 251 203 40
10 10 10 13 25 43 139 201 246 184 33
8 11 1 7 52 43 51 195 239 154 29
11 12 23 24 31 55 184 220 248 228 38
89 104 117 148 183 206 198 229 250 56 30
20 39 189 154 61 76 248 197 254 248 45
10 149 12 108 163 63 210 193 235 179 37
9 156 16 106 191 60 220 191 245 162 38
26 39 38 119 70 44 230 176 232 68 23
14 120 7 75 157 19 74 242 239 85 27
13 40 43 67 108 118 77 173 244 208 36
100 128 158 163 200 217 216 237 251 55 33
26 10 34 57 47 87 74 121 240 196 32
39 18 53 63 68 128 121 162 252 93 23
204 144 120 99 106 147 80 146 244 67 25
189 125 120 96 99 154 90 153 255 105 29
35 67 80 68 123 151 141 180 191 29 18
33 68 45 81 158 178 69 191 250 143 33
54 41 88 113 119 180 155 175 244 112 29
24 18 22 58 119 214 79 138 223 154 31
14 7 157 53 50 211 107 129 254 193 36
12 17 18 69 134 201 131 168 204 56 22
7 127 149 38 180 208 107 205 187 102 31
17 145 165 31 172 195 117 209 167 42 24
26 104 21 56 117 183 229 148 250 55 24
7 132 120 32 165 181 85 191 231 221 41
10 43 206 94 123 246 154 169 241 84 29
23 8 16 62 128 237 154 160 204 53 23
126 88 91 69 61 111 66 105 203 29 16
14 14 13 75 97 122 136 159 185 44 17
19 7 19 75 75 112 146 167 227 101 25
9 7 27 69 131 231 126 175 250 167 36
13 26 10 20 17 33 90 102 231 186 30
6 2 20 48 86 210 99 123 238 184 34
8 31 143 38 59 162 119 144 253 232 39
37 17 11 71 87 119 116 171 241 189 34
185 70 34 113 121 181 223 185 234 57 26
14 29 39 72 91 101 120 180 245 159 31
18 46 35 68 110 73 50 216 254 239 40
17 29 35 44 98 143 49 155 244 131 27
16 42 48 79 151 191 47 170 251 33 21
248 133 52 253 182 109 255 255 255 96 42
13 32 69 60 109 170 42 132 235 26 17
35 27 59 73 124 191 51 168 254 168 34
7 57 165 215 220 237 175 202 249 185 48
5 10 53 93 83 119 62 102 217 159 29
11 20 30 67 58 48 17 120 241 65 19
21 59 64 112 130 88 48 187 255 54 21
24 62 66 121 138 96 48 187 254 73 24
1 8 7 93 101 131 70 101 231 226 36
9 6 27 29 25 53 207 204 229 100 25
10 14 65 20 33 121 220 209 247 219 39
12 10 55 15 21 90 200 195 248 224 38
8 24 72 6 45 134 247 194 161 2 15
6 5 56 14 20 97 191 186 248 239 39
215 38 17 182 44 37 235 153 169 11 19
209 51 72 216 91 82 252 229 247 194 45
122 18 31 121 31 46 202 163 239 240 40
226 62 22 157 43 43 248 193 245 217 43
175 48 11 206 105 74 232 201 240 139 36
137 27 14 141 55 47 207 181 236 221 39
213 48 32 219 88 67 247 199 238 116 35
180 36 9 189 73 58 212 169 237 53 24
237 56 13 164 56 56 250 203 250 37 26
168 25 9 177 64 59 204 167 238 151 33
190 38 18 196 74 62 222 173 237 63 26
5 5 64 30 32 114 180 176 236 155 30
9 18 52 14 47 129 193 165 152 30 16
51 22 4 56 17 27 90 77 195 173 28
156 27 10 135 37 37 185 160 243 119 28
152 28 14 106 22 36 180 161 247 195 35
163 39 9 95 19 33 188 166 239 154 31
135 28 13 127 33 27 216 172 236 206 37
179 39 13 135 35 37 211 176 248 143 32
219 82 15 193 123 90 252 235 244 20 27
195 16 19 99 67 210 190 148 245 203 40
138 32 16 122 33 32 205 169 242 238 40
202 50 10 175 78 57 235 204 245 118 32
208 47 17 187 54 37 246 187 237 24 23
5 13 70 19 51 142 227 216 239 97 27
6 16 70 17 55 161 242 207 199 61 23
5 12 67 24 49 151 224 210 251 133 31
85 30 10 83 39 41 163 139 182 105 23
184 53 21 167 76 70 250 211 248 116 33
188 41 6 139 62 69 220 189 242 39 21
198 44 10 160 79 83 230 199 246 113 31
175 17 17 123 82 211 233 169 244 196 40
140 69 17 134 81 58 229 201 226 166 34
204 54 16 175 66 58 250 199 236 61 26
193 41 23 180 60 63 237 173 212 19 20
161 64 12 165 93 53 222 213 240 118 31
206 31 23 171 40 65 217 155 247 58 24
195 42 13 156 52 62 227 180 240 149 34
8 8 64 25 33 123 165 174 246 209 35
7 20 71 14 56 162 245 214 201 54 22
8 17 84 18 57 167 243 208 184 30 19
133 30 22 138 44 49 226 146 162 31 17
131 34 23 143 61 55 216 187 241 180 35
197 30 15 146 21 33 181 141 239 98 26
223 64 12 173 91 86 235 209 250 64 28
208 35 14 140 29 54 217 164 244 155 33
171 43 15 167 75 64 228 198 246 171 36
217 38 7 142 31 51 209 169 247 191 37
172 41 5 139 67 63 226 201 242 119 30
131 25 11 142 47 42 214 170 233 212 37
156 24 14 144 45 55 212 175 243 234 40
207 45 11 157 47 56 221 173 236 146 33
8 18 83 13 47 156 242 208 181 20 18
5 13 74 16 58 161 234 204 214 75 24
5 16 69 18 48 143 231 210 240 109 28
4 6 56 18 31 123 179 176 237 184 33
201 55 11 172 73 65 250 208 245 113 32
142 18 7 121 29 36 175 155 243 214 37
155 34 14 140 34 31 221 171 239 141 31
179 35 16 155 52 62 238 187 243 202 38
178 66 11 191 94 47 253 192 167 2 19
207 47 17 172 57 57 245 188 236 115 32
190 48 2 131 63 61 206 191 242 194 37
149 54 3 125 82 61 210 209 240 221 40
55 16 15 156 78 40 186 174 232 215 38
194 49 16 175 78 63 241 193 210 14 20
9 16 15 161 89 36 182 167 240 215 38
190 36 23 167 115 52 211 179 244 123 32
201 52 15 181 108 64 212 188 241 157 36
179 45 14 108 70 56 175 175 249 207 37
44 33 46 58 84 135 80 151 246 250 38
25 67 50 59 139 163 65 187 247 247 41
110 65 87 134 116 165 174 183 253 223 40
166 146 110 129 127 113 213 231 245 124 34
7 36 113 74 52 84 44 79 236 177 30
7 41 166 113 78 133 69 97 235 98 24
40 75 150 55 67 102 124 176 252 148 30
28 66 107 62 106 146 132 176 217 87 24
43 37 41 97 124 163 114 177 247 173 34
12 47 45 65 122 151 118 185 240 164 32
34 102 126 148 213 233 185 241 251 35 30
47 71 37 72 142 157 73 189 247 186 35
16 60 84 66 126 160 111 177 215 69 22
7 43 161 118 88 141 62 93 232 99 24
26 40 76 87 111 143 173 161 163 19 16
38 47 83 76 103 155 157 184 246 191 36
224 189 166 253 252 249 248 250 253 36 45
55 30 71 130 119 160 165 154 196 55 21
147 55 89 139 79 143 190 166 249 128 30
133 53 72 137 112 160 138 159 219 71 24
142 56 71 136 108 166 157 178 252 162 35
147 34 82 139 79 153 172 165 250 154 33
21 49 13 40 74 93 109 144 236 193 33
96 154 28 116 161 70 145 208 229 232 43
43 25 1 17 18 46 3 49 182 81 18
183 84 141 71 107 166 31 186 246 147 33
25 31 23 42 96 148 133 183 247 222 38
96 23 32 107 64 107 183 174 246 245 40
129 25 53 83 89 185 186 177 193 44 21
112 32 53 49 47 126 59 110 237 201 33
41 32 39 72 87 125 110 159 235 141 29
21 65 214 144 148 210 124 114 152 5 18
36 20 63 100 91 138 184 189 244 233 40
234 175 142 245 232 226 247 251 251 45 43
142 32 35 96 49 117 118 124 245 231 38
14 53 48 89 116 80 32 176 252 182 34
25 51 71 95 132 114 141 243 250 144 33
5 37 29 71 99 57 74 211 247 129 28
22 56 53 118 148 97 54 216 254 182 36
24 40 68 101 104 97 164 207 244 117 29
24 58 70 91 125 110 176 237 248 208 39
24 43 69 102 115 103 160 214 246 140 31
27 40 65 92 98 88 158 200 241 77 24
7 11 11 29 24 52 51 76 218 78 19
29 47 56 106 121 87 45 191 255 71 23
32 51 61 112 122 82 42 188 255 61 22
244 147 66 253 187 112 253 253 252 150 49
13 28 15 56 49 38 8 101 244 52 17
15 51 62 104 110 78 45 163 251 34 18
101 194 240 113 195 233 122 190 211 2 26
14 25 38 70 64 56 21 125 245 58 18
43 79 53 79 120 74 33 199 252 253 41
49 166 249 234 242 249 234 229 237 7 37
9 47 28 10 32 33 10 66 180 58 16
13 60 58 106 122 77 48 176 250 45 19
23 61 53 102 137 85 44 210 254 157 33
128 53 34 102 80 132 222 194 252 118 30
19 42 58 109 123 86 43 191 253 86 24
40 53 21 37 148 201 59 190 245 251 43
8 15 119 59 33 109 55 70 206 144 26
23 45 36 82 110 66 24 190 252 232 38
33 55 97 109 125 97 46 203 255 158 32
22 55 45 103 132 79 47 207 254 138 30
17 36 46 92 108 76 37 185 254 101 25
29 86 224 166 161 213 144 172 254 234 47
23 56 201 128 111 194 129 129 232 54 23
20 17 155 51 65 222 73 114 254 225 39
21 12 166 58 60 228 80 106 254 182 35
95 77 30 57 81 133 98 128 252 206 35
120 57 59 141 118 141 191 187 192 59 23
129 45 54 103 104 168 189 208 252 177 37
118 60 51 134 138 162 184 223 251 170 37
116 46 21 53 193 175 187 192 180 63 25
186 110 67 117 175 218 224 245 254 165 43
53 11 1 32 23 60 9 71 234 217 33
99 68 30 58 146 146 138 209 245 189 37
152 89 78 203 169 158 225 188 110 1 21
8 22 40 56 76 115 52 83 115 30 13
16 22 96 102 123 170 92 126 118 9 14
123 34 41 153 107 149 187 173 233 106 28
151 178 59 125 162 192 204 212 251 191 43
98 146 10 100 166 94 161 210 181 109 29
11 9 59 69 69 129 56 106 233 218 35
11 10 14 55 29 46 54 81 236 121 24
18 27 45 77 89 80 150 211 248 197 35
37 35 62 82 81 69 29 163 254 197 33
27 36 72 72 136 159 66 222 250 145 32
8 23 79 98 123 175 97 139 204 60 20
94 137 84 56 135 122 93 214 239 108 28
63 110 60 51 100 52 48 200 250 229 38
44 55 235 220 216 253 228 252 245 203 53
6 10 10 44 29 30 5 75 234 58 16
43 50 50 112 121 80 50 198 254 100 25
74 141 206 70 140 194 84 151 189 15 19
36 99 143 34 80 137 50 107 240 216 35
14 17 122 21 40 180 58 97 251 150 29
27 22 182 58 61 229 92 117 254 83 25
143 41 21 97 66 116 113 137 247 159 30
131 148 52 50 179 178 208 239 159 30 24
134 180 43 56 174 155 196 238 226 119 34
94 18 29 105 68 107 183 186 246 225 38
136 32 21 153 77 116 207 171 246 180 36
13 10 21 128 21 30 194 92 249 222 35
51 3 220 12 53 233 26 125 185 2 15
12 4 112 2 52 195 34 148 217 131 27
10 4 122 6 34 201 24 89 251 232 37
8 23 81 88 110 164 81 135 224 82 22
10 30 5 20 173 231 9 210 250 156 35
17 20 55 27 29 244 110 246 209 10 18
3 26 3 40 81 46 210 242 207 99 26
8 7 56 72 77 137 51 106 226 219 34
32 38 75 69 89 147 137 177 243 205 36
29 39 70 65 88 140 133 177 233 166 31
7 121 132 16 179 209 23 192 173 45 22
2 94 93 11 143 174 16 179 236 223 38
5 67 90 13 124 172 16 175 242 234 39
8 78 94 19 130 165 15 161 204 135 28
5 74 101 15 127 178 14 164 239 221 37
3 78 101 18 137 191 9 161 240 255 41
9 69 91 17 132 181 18 152 161 75 21
7 64 102 14 134 183 17 163 153 58 19
6 68 97 22 137 177 11 168 200 118 27
7 76 105 12 124 159 17 174 204 133 28
10 19 59 16 27 90 189 175 186 88 21
11 12 101 7 38 154 246 200 167 9 16
4 12 63 14 25 94 186 182 228 155 29
4 83 95 17 143 178 13 170 223 184 34
9 57 110 24 131 196 21 154 158 58 20
7 93 96 20 151 183 4 152 187 134 28
8 98 102 10 132 162 14 168 213 155 31
10 133 130 20 182 213 17 201 240 129 33
9 138 133 24 197 214 19 182 155 22 21
3 106 114 10 142 182 13 171 238 254 42
7 135 130 18 190 211 28 199 183 57 25
5 138 129 18 196 213 17 192 169 46 24
4 92 110 11 133 184 13 164 240 228 39
10 141 134 19 192 209 27 197 174 35 22
9 25 76 8 48 150 247 215 202 57 22
8 11 60 24 29 109 167 161 225 158 29
8 16 48 17 38 109 175 157 151 33 14
7 19 42 15 45 104 185 169 155 62 18
6 14 55 5 31 110 223 164 127 7 12
10 65 105 25 139 172 12 165 144 39 17
15 83 111 13 132 167 15 153 125 19 14
6 86 96 23 155 184 14 168 210 154 31
2 72 94 18 139 192 8 162 241 234 40
7 89 109 17 133 183 16 167 242 215 37
6 90 96 10 137 169 12 179 233 208 36
5 82 84 15 141 167 15 178 225 177 33
6 55 80 23 140 186 6 162 197 120 27
5 77 92 21 136 183 9 155 226 185 34
11 133 139 22 192 218 19 192 169 35 22
6 145 142 22 209 222 16 188 123 3 19
3 92 92 17 153 190 4 156 207 164 32
7 83 104 19 136 191 7 153 235 204 36
10 91 108 13 131 182 10 162 237 216 37
7 15 50 19 34 106 169 170 195 111 24
9 18 52 18 44 111 180 160 152 27 14
4 14 56 17 30 108 192 180 218 143 28
6 82 91 16 143 162 13 166 157 57 19
5 88 92 8 137 165 17 180 230 204 36
6 98 95 14 142 169 13 176 228 199 35
6 65 79 16 127 166 11 158 214 155 30
7 91 95 16 138 165 10 162 204 142 29
10 102 99 10 135 160 9 168 214 164 31
7 92 89 16 142 166 11 167 212 158 30
11 135 123 25 198 213 12 197 203 77 27
7 139 133 16 192 211 24 196 176 37 22
8 148 126 19 199 208 12 205 211 89 29
8 142 130 20 198 212 22 194 168 41 23
7 103 95 8 145 166 9 167 192 127 28
11 91 101 10 129 170 5 164 233 210 35
2 43 76 14 114 170 7 153 219 83 22
3 16 7 22 24 18 0 88 237 85 19
41 33 54 54 60 119 123 163 240 174 30
28 34 70 69 92 143 127 174 240 225 37
20 30 69 69 89 138 118 167 241 191 33
28 29 66 71 86 142 128 168 242 204 34
252 254 255 252 254 255 252 254 255 140 62
59 82 70 99 155 180 154 174 153 65 22
16 14 89 98 65 159 215 137 245 49 20
94 54 5 37 53 148 11 56 254 177 31
173 160 13 9 59 163 15 76 250 117 27
102 123 8 26 72 126 18 63 253 219 34
24 10 151 189 63 187 249 180 230 33 23
29 7 40 28 52 199 205 140 195 17 15
18 28 12 17 48 20 28 193 254 164 30
18 111 134 4 132 187 11 152 174 108 25
30 56 0 40 72 27 56 129 175 46 14
46 73 55 68 104 136 114 148 236 200 34
205 208 125 110 186 183 139 212 186 11 24
1 59 1 19 183 36 5 228 240 185 36
56 63 54 59 130 150 71 213 255 144 31
164 107 65 118 64 49 154 96 108 0 12
53 26 62 159 129 126 55 241 253 217 40
75 125 130 101 186 210 147 177 135 34 22
16 17 41 57 46 55 57 144 251 122 24
13 81 172 33 96 162 104 174 251 77 23
18 34 56 5 44 94 68 136 236 250 36
9 67 11 85 146 117 79 171 236 132 28
19 41 131 70 37 46 27 110 237 226 34
58 208 238 198 244 243 249 250 234 168 54
196 150 62 45 80 59 49 183 251 184 35
166 140 51 22 74 48 55 196 242 192 35
205 185 66 54 105 94 35 141 229 38 20
217 172 65 52 98 68 56 196 244 230 41
16 18 51 207 228 255 78 152 248 248 50
6 36 22 60 217 229 4 162 246 46 24
18 99 96 66 89 22 24 86 142 25 12
53 39 52 92 76 69 45 149 254 125 25
9 33 135 58 134 250 165 175 147 4 17
8 17 5 67 154 219 201 210 186 88 27
16 24 0 79 161 217 179 167 114 31 19
15 13 12 82 159 226 196 186 117 22 19
15 27 6 76 163 216 189 170 110 24 18
29 6 33 16 34 103 37 106 229 82 19
26 26 39 48 79 117 33 134 245 181 30
12 39 43 92 93 60 66 171 249 3 13
14 73 225 194 189 220 139 196 242 54 30
11 4 89 22 30 169 46 77 241 164 29
8 16 12 48 39 34 15 109 246 179 29
24 9 17 49 27 30 115 150 235 59 17
24 9 38 75 79 114 154 183 244 39 17
18 13 29 47 42 54 34 99 189 9 10
18 41 59 74 97 98 153 210 242 166 32
148 151 46 78 151 175 138 190 251 223 42
3 47 42 86 101 58 29 155 240 37 16
8 28 34 80 84 53 31 140 224 7 11
11 30 46 73 70 55 34 140 244 13 12
28 50 49 75 93 68 44 177 254 133 27
4 4 83 68 64 141 61 99 232 210 33
4 23 34 65 62 39 17 117 205 8 10
51 135 97 67 118 68 38 203 248 196 35
14 62 58 76 102 65 34 169 248 87 22
213 224 71 157 227 201 187 229 244 18 32
54 72 24 50 87 111 103 147 243 182 32
7 15 24 52 49 45 8 116 245 139 25
22 27 45 78 106 89 68 232 254 209 37
26 27 37 75 79 66 25 157 254 113 24
16 40 40 76 93 67 31 166 252 102 23
16 46 65 76 113 104 37 188 254 85 23
21 48 49 71 117 83 52 231 254 210 37
106 181 223 104 179 224 127 203 247 171 41
16 48 45 84 113 133 195 199 245 180 34
34 30 48 61 119 146 46 159 178 40 16
39 32 24 84 78 67 144 178 235 220 35
22 8 19 74 92 136 127 179 251 254 39
112 62 18 39 37 91 73 97 245 217 34
44 8 21 133 116 158 184 181 243 230 39
28 45 73 107 154 209 212 226 247 61 26
70 45 67 110 158 199 114 196 177 6 17
47 25 43 133 136 169 138 150 193 64 21
189 59 36 102 134 168 24 197 251 252 42
253 248 228 254 254 252 252 252 254 139 60
35 20 24 72 118 197 65 145 248 246 40
9 6 137 48 58 213 107 113 198 128 26
52 138 231 249 255 255 255 255 255 190 58
3 12 128 50 69 205 88 111 249 243 39
8 18 192 117 172 247 99 174 132 6 19
4 119 134 45 187 226 69 174 211 145 34
151 38 22 89 64 135 138 150 249 116 26
9 11 188 77 78 240 145 155 254 145 33
11 137 124 25 170 163 105 211 145 48 21
2 13 138 40 65 198 105 121 239 194 34
9 211 201 78 243 238 157 254 249 110 43
115 31 7 50 12 32 80 95 178 51 15
33 45 17 68 66 49 162 181 241 174 31
43 42 43 103 98 133 190 158 237 126 28
8 7 179 77 78 244 136 151 253 219 40
25 63 11 45 79 40 98 167 236 228 34
12 37 172 97 59 146 89 99 237 85 22
18 8 23 68 37 54 111 108 230 33 14
43 23 45 120 93 82 199 223 249 58 22
16 5 37 74 53 67 144 168 235 8 12
17 16 15 59 44 68 96 104 232 181 29
23 20 63 121 90 98 201 207 245 147 30
7 25 35 83 67 66 152 159 236 144 27
29 18 36 108 74 80 171 155 242 25 16
41 67 187 216 225 248 225 239 246 115 43
10 6 2 17 13 30 50 68 155 47 13
17 40 49 75 85 60 32 159 250 56 18
102 131 181 92 146 234 62 202 254 194 41
93 133 87 92 209 243 15 178 253 91 32
39 37 96 85 130 242 14 97 252 100 27
60 31 57 122 171 245 63 173 252 59 25
66 27 25 103 156 221 15 134 252 36 20
72 117 67 92 185 239 4 110 245 61 25
9 12 69 102 114 174 78 136 247 235 38
15 2 54 21 34 139 24 74 212 25 12
22 16 54 58 110 182 47 162 254 73 22
22 19 114 54 118 217 61 199 254 169 34
20 11 88 59 111 200 53 177 252 76 23
23 28 109 63 135 220 60 208 254 216 40
4 10 35 58 74 125 44 94 230 200 32
19 18 38 44 101 157 40 161 246 181 32
25 33 137 203 204 239 182 220 248 102 37
44 112 167 94 174 225 178 198 195 127 34
112 120 178 78 107 161 189 201 160 47 21
9 8 47 62 83 156 66 114 218 112 23
4 4 41 61 67 125 56 106 227 192 31
10 15 95 115 147 217 92 142 160 21 17
28 84 116 98 176 210 141 220 247 244 44
41 30 46 43 61 117 83 147 237 161 28
25 57 70 70 116 137 118 173 186 86 22
22 51 60 68 115 137 129 179 198 99 23
17 36 64 59 92 132 124 173 218 134 27
48 95 120 120 188 190 192 233 191 29 23
24 38 62 64 91 127 144 181 233 205 34
19 35 24 35 69 44 20 186 251 104 23
10 21 21 166 37 242 242 76 197 26 20
227 33 7 44 18 49 49 177 254 250 40
12 191 154 48 222 186 138 254 251 104 37
98 3 6 115 16 73 207 105 240 145 28
14 56 97 44 109 171 109 163 207 137 28
127 15 14 107 50 108 122 114 234 99 23
67 79 50 177 187 136 217 239 248 117 35
28 27 36 56 77 106 131 187 246 216 36
129 119 107 254 251 246 254 254 253 133 50
18 45 142 150 168 231 235 240 248 121 37
17 177 231 130 200 176 251 253 250 222 51
47 75 121 100 160 222 118 146 167 76 24
58 67 123 89 123 195 94 141 226 138 29
44 47 66 81 120 177 106 146 199 91 22
9 45 7 36 94 54 78 208 237 228 36
151 179 77 59 222 245 224 239 238 27 31
33 87 112 79 153 182 120 194 222 122 29
51 18 25 86 63 82 175 182 244 203 34
198 11 25 198 242 22 245 250 253 211 50
26 20 56 52 63 137 107 131 223 146 27
10 18 11 23 57 75 104 179 239 97 22
71 82 183 47 88 198 157 189 216 133 29
16 4 6 4 1 27 13 47 125 51 13
76 220 2 177 247 62 178 251 236 225 52
99 104 101 131 153 171 146 177 204 85 26
16 16 25 48 38 35 11 105 234 166 27
20 32 76 103 136 196 152 183 240 224 39
5 5 0 2 0 23 8 47 171 168 26
13 27 56 49 74 102 68 151 246 221 34
9 8 141 10 54 232 51 110 254 223 37
189 196 35 195 231 202 24 100 205 34 28
105 144 160 96 150 223 11 70 223 202 38
12 9 25 29 86 110 85 226 242 39 18
78 95 131 93 129 178 154 190 243 204 38
64 108 120 75 163 198 113 161 128 27 18
51 106 106 76 165 185 116 177 156 91 25
53 94 107 81 157 194 108 178 205 150 32
48 86 109 94 154 196 116 187 240 240 42
57 109 118 69 157 180 132 185 156 49 21
60 112 126 66 139 172 130 194 217 151 32
17 7 153 53 42 217 124 94 252 158 31
112 35 22 59 139 54 120 224 253 250 41
28 21 42 45 50 97 83 101 147 105 20
12 13 14 37 57 44 24 175 254 168 29
136 147 174 100 127 160 65 147 246 235 41
125 156 183 103 145 155 57 109 95 11 15
64 132 127 116 153 174 136 109 167 82 23
71 112 136 91 152 231 146 92 126 49 21
65 141 129 108 138 189 143 106 234 152 32
78 122 120 110 138 194 138 120 245 188 36
17 33 5 49 85 118 51 92 191 49 15
33 33 16 90 96 61 36 175 254 231 36
49 86 4 74 121 42 121 158 105 89 20
85 139 10 115 173 30 201 245 139 35 21
23 39 41 60 93 104 71 163 241 27 15
16 69 49 130 160 115 254 254 250 134 35
2 48 22 97 123 76 250 254 246 17 20
32 31 36 98 82 73 243 230 242 54 22
25 46 28 65 112 83 66 212 248 213 35
20 39 33 64 100 74 38 205 253 238 37
2 42 20 69 176 70 48 199 245 88 24
105 47 22 58 64 65 39 157 245 156 27
39 30 30 80 96 68 53 208 254 93 23
59 239 255 117 246 255 169 246 253 197 55
78 46 72 47 160 53 13 237 111 9 15
63 167 150 88 192 191 147 222 244 239 46
67 14 9 90 51 27 76 161 228 12 12
5 173 9 210 245 12 73 250 243 243 51
11 26 2 34 37 34 114 140 242 184 30
88 44 59 102 82 131 130 150 239 156 29
141 95 85 111 124 177 197 202 233 33 21
6 30 86 17 72 165 33 123 247 237 36
15 24 18 37 76 81 43 162 242 165 29
66 82 69 151 166 149 235 248 248 104 32
20 36 99 66 85 147 136 164 229 194 33
70 119 2 103 154 41 149 215 197 99 25
26 23 29 76 61 53 30 126 240 236 34
24 33 34 71 101 68 56 221 254 226 37
146 43 232 114 106 199 90 215 234 167 37
112 178 163 24 164 234 2 110 248 197 39
40 19 3 66 29 27 129 137 244 101 21
79 51 0 144 121 28 76 207 243 154 31
44 50 7 98 83 8 178 249 251 95 25
8 61 105 53 135 201 126 201 248 250 42
31 17 13 31 102 174 86 135 80 4 10
5 20 173 23 4 61 14 69 245 143 26
38 76 97 64 140 181 110 171 160 41 18
12 10 190 80 76 151 103 143 192 58 18
64 22 41 121 92 144 191 179 246 27 18
18 65 62 68 132 147 145 221 251 133 30
10 19 23 39 33 43 11 91 244 184 29
18 23 30 38 40 38 17 125 246 193 30
163 208 248 125 181 234 177 229 248 182 47
13 17 8 143 188 33 199 205 246 176 36
11 100 174 1 54 124 22 97 246 247 37
100 119 102 69 189 225 5 149 138 35 20
58 86 106 94 156 195 152 182 179 96 26
63 85 106 84 135 176 136 184 220 171 33
72 100 84 81 130 124 129 174 147 71 20
140 201 8 128 174 6 143 162 31 1 16
176 213 5 161 201 28 196 234 135 17 24
13 18 41 99 76 83 203 185 241 90 23
84 50 26 94 91 84 175 210 234 198 35
7 15 11 176 219 236 121 165 185 41 25
10 25 1 160 225 235 112 151 124 16 21
74 113 156 168 207 225 234 244 252 179 46
123 183 60 143 218 160 186 200 136 36 25
19 4 9 69 70 109 117 158 236 136 25
18 4 17 76 135 244 198 187 214 35 21
18 34 5 19 26 21 44 82 186 113 21
33 18 21 66 63 66 116 172 238 237 36
11 30 26 62 90 59 77 222 253 94 23
10 30 31 60 76 56 26 161 254 100 22
25 34 55 65 87 106 192 224 245 141 29
56 92 172 33 78 164 74 135 243 243 38
9 3 18 28 11 50 91 94 222 32 13
19 18 103 60 124 214 57 197 252 170 34
19 14 102 46 88 206 87 157 255 77 22
138 75 115 61 112 217 60 188 254 207 38
18 24 28 246 250 252 241 248 251 170 51
6 5 15 128 157 216 78 128 218 151 32
16 6 7 21 20 36 44 103 198 48 14
45 36 21 56 73 62 119 204 251 108 24
94 75 26 88 129 173 136 173 247 209 37
49 38 28 88 104 86 135 223 252 95 25
32 80 18 75 119 45 127 212 236 96 24
31 85 11 75 122 44 126 209 239 124 27
24 84 12 67 117 45 115 198 240 179 32
48 95 164 35 79 154 66 124 236 139 27
70 116 115 65 158 179 35 184 227 127 29
160 183 205 199 218 234 223 234 245 80 40
21 45 21 13 35 34 43 60 103 19 9
54 102 38 102 177 192 42 135 240 66 23
180 198 208 194 220 245 240 251 251 193 55
55 73 6 106 104 48 119 148 227 154 28
49 59 5 39 26 22 107 106 228 134 24
6 18 1 13 25 44 36 86 225 232 32
12 102 40 64 205 228 211 240 241 160 40
10 218 19 26 216 234 13 104 221 26 24
100 77 72 244 229 244 243 229 255 117 44
92 158 221 208 237 249 250 250 250 187 53
25 31 38 41 80 81 58 199 253 236 36
13 26 28 46 52 45 46 154 243 239 34
78 39 38 143 95 74 248 233 249 228 40
37 197 166 43 196 203 50 179 239 39 25
138 216 229 201 245 243 215 247 247 195 56
8 9 15 31 6 20 6 49 231 158 26
84 56 30 77 44 49 247 201 249 93 24
193 53 30 87 80 85 104 219 253 71 23
90 225 69 138 195 124 241 231 242 214 47
18 42 35 122 77 56 240 167 223 23 16
137 65 32 203 141 91 255 255 255 194 43
43 37 63 86 105 98 127 242 253 239 40
78 47 40 107 64 100 233 165 249 98 25
16 33 14 169 200 196 235 238 186 0 22
6 4 12 6 25 49 11 87 175 87 18
2 9 6 17 20 53 49 83 232 162 26
15 30 11 59 51 34 14 102 242 38 14
212 65 29 78 39 71 121 169 254 27 17
28 15 41 86 62 69 141 147 196 6 11
16 21 36 66 59 63 9 113 246 80 19
52 20 0 25 13 27 8 77 231 102 20
35 51 37 70 97 84 164 225 243 162 32
2 38 27 81 114 55 54 220 253 68 21
10 22 20 83 108 120 184 224 251 77 24
26 166 169 63 226 232 116 240 191 21 26
51 55 33 45 30 11 9 63 168 34 11
2 42 67 63 135 187 105 193 247 140 30
149 21 24 212 235 45 234 249 248 105 38
121 114 9 149 25 178 45 188 252 245 41
8 7 67 30 1 50 132 99 229 49 15
169 165 26 117 128 9 226 247 141 10 19
28 22 12 88 63 71 128 87 177 78 18
4 176 164 37 220 250 6 177 252 171 42
21 3 37 45 102 178 80 197 248 240 38
240 171 73 129 120 74 67 185 251 147 34
252 38 106 85 65 94 114 245 247 173 36
173 72 32 105 251 46 128 186 248 212 44
232 46 13 80 38 57 232 175 248 14 18
39 47 45 89 104 71 77 212 254 185 33
36 43 52 217 223 230 243 244 245 114 41
9 14 235 39 68 254 63 127 254 233 41
9 11 7 37 21 24 5 84 248 105 21
39 77 24 124 224 247 215 245 245 193 46
70 71 69 98 139 181 178 223 252 252 44
96 164 160 165 232 232 235 228 147 2 28
10 13 12 29 9 19 10 67 245 215 31
8 10 19 138 167 196 175 199 224 53 24
107 86 23 84 207 44 34 82 239 88 24
4 3 1 24 19 46 17 63 229 226 33
16 11 31 56 44 49 15 118 247 143 25
21 20 38 61 81 129 130 177 248 38 17
112 87 143 94 225 241 43 251 251 155 42
97 112 159 109 189 243 55 184 252 213 43
60 58 106 76 84 133 179 181 224 105 25
10 99 91 61 119 174 64 58 177 92 21
6 5 6 12 6 25 6 46 222 228 32
13 17 21 47 51 52 34 125 238 188 29
15 28 81 69 115 184 104 187 253 139 30
16 25 17 76 158 216 188 186 131 8 16
3 11 19 32 9 22 1 55 228 77 17
137 252 251 68 213 252 13 173 252 252 55
126 120 155 63 88 163 114 154 246 229 38
242 42 12 83 31 62 18 121 245 95 24
30 67 50 61 94 55 70 204 246 213 34
19 8 47 53 112 215 105 183 252 156 31
113 28 8 135 61 45 196 178 235 96 24
186 225 251 212 237 251 242 248 251 101 50
12 4 15 22 34 79 85 137 225 167 28
26 21 41 75 91 131 155 183 237 18 15
152 172 174 217 240 247 245 255 255 173 53
40 44 78 89 111 169 134 169 243 228 38
9 16 24 26 89 167 191 212 225 97 25
101 147 145 58 55 42 190 186 235 111 26
26 73 188 198 228 254 208 221 159 12 28
8 17 72 13 16 61 4 48 155 39 12
23 107 111 87 182 241 37 133 248 86 28
35 20 54 16 87 183 26 157 254 229 36
76 6 236 71 86 250 36 151 251 221 41
15 16 11 39 22 37 137 134 244 91 20
84 95 28 157 157 124 230 218 242 167 37
0 25 58 54 49 45 99 147 230 229 34
13 21 31 62 57 50 26 130 247 109 22
16 26 14 42 55 84 38 88 236 100 21
6 63 18 76 179 101 32 251 247 204 38
40 33 37 77 97 69 53 217 251 105 25
26 12 19 17 6 30 10 49 136 32 11
122 11 4 89 33 63 22 78 235 45 15
121 96 71 125 111 97 123 168 232 7 15
61 48 50 117 100 93 138 184 244 121 27
25 179 251 56 152 250 192 181 250 112 36
106 37 26 59 59 140 100 105 181 13 12
17 9 24 45 35 49 248 239 255 131 30
228 247 245 211 247 249 170 247 250 9 41
84 17 8 94 170 59 158 237 111 11 16
3 3 10 171 27 20 222 94 245 81 22
10 15 14 27 15 36 22 72 240 232 33
139 217 251 185 239 251 234 250 250 205 58
10 24 14 32 26 28 10 89 249 191 30
25 36 24 93 74 56 96 130 236 51 16
90 128 11 101 177 185 137 162 210 168 35
101 142 2 125 171 36 167 215 121 39 20
42 72 3 152 164 89 187 204 215 119 30
29 4 12 61 5 34 219 110 180 43 15
24 17 3 27 17 23 19 88 237 238 34
20 28 35 38 53 73 90 108 115 26 11
131 219 228 180 225 229 60 90 165 30 29
87 127 146 93 155 193 156 189 189 138 31
79 100 125 96 143 188 111 160 220 196 36
133 165 199 188 211 234 233 246 253 179 50
1 16 3 13 39 45 61 126 226 193 30
17 25 60 91 129 175 143 214 250 42 21
27 31 42 109 102 82 205 226 245 60 22
68 45 252 165 94 123 36 212 252 30 21
44 44 51 95 109 101 165 238 254 191 36
23 41 231 85 86 91 52 218 247 31 19
31 53 55 92 112 85 153 243 254 247 41
23 41 49 81 77 56 95 179 247 23 14
48 46 37 87 95 61 38 187 255 52 18
68 48 35 107 99 86 154 199 246 68 21
173 185 201 226 234 242 252 253 254 124 50
20 41 123 60 40 68 47 127 254 84 20
21 34 28 62 86 68 81 186 240 74 20
2 2 5 26 5 26 5 40 206 52 14
32 46 24 66 96 54 39 194 243 182 32
19 38 46 85 105 74 91 221 248 170 32
124 34 69 225 129 80 44 228 252 194 39
1 16 20 151 198 235 160 218 251 136 37
17 16 9 38 29 22 6 87 224 172 27
184 177 168 239 242 247 221 230 240 163 53
46 34 34 41 71 83 153 234 254 100 25
68 112 59 63 114 60 48 211 251 230 38
113 49 46 191 109 74 254 230 244 53 25
219 105 61 245 133 64 60 215 254 213 45
177 55 38 116 58 75 239 215 252 96 28
191 111 27 253 220 87 35 207 250 217 48
122 54 5 236 141 46 3 72 164 9 16
248 240 47 72 111 59 250 255 255 245 51
16 16 30 45 42 46 31 94 172 2 9
213 224 68 222 240 144 255 255 242 173 53
72 187 197 135 117 37 32 199 247 144 33
22 33 32 61 88 66 43 194 255 209 34
7 9 5 11 7 21 6 52 221 217 31
16 38 36 66 76 60 58 164 243 146 26
22 35 45 96 101 69 52 181 250 102 23
12 24 5 47 41 43 146 153 245 39 15
8 35 17 69 62 33 30 113 234 29 13
13 38 41 85 119 77 77 239 255 254 41
35 28 114 16 61 151 33 149 241 249 37
80 34 34 79 80 88 82 172 243 100 22
87 61 57 100 138 143 102 230 249 215 39
67 66 33 83 124 93 65 201 237 67 21
94 54 46 87 107 123 95 192 242 104 25
84 51 49 94 114 103 102 227 250 237 39
20 23 66 81 153 226 103 217 248 235 42
21 28 1 122 186 209 193 217 190 30 23
21 13 20 75 105 145 115 184 244 71 21
79 137 151 179 213 253 179 177 253 42 30
42 116 136 117 212 252 174 244 253 140 41
7 18 13 34 38 62 79 110 242 139 25
16 6 9 11 1 30 8 21 76 14 8
25 29 121 63 92 187 116 140 144 54 18
10 17 141 18 32 193 70 77 218 66 18
8 36 73 1 63 140 20 123 232 140 26
8 15 4 20 6 10 7 62 244 218 32
17 27 49 69 62 57 22 128 246 47 15
22 34 45 80 80 59 29 147 245 27 13
54 71 100 114 141 124 138 249 254 214 39
233 207 143 247 243 218 224 251 251 7 38
109 136 126 187 222 225 218 252 253 80 37
60 117 6 21 136 195 5 88 240 170 32
38 48 9 87 121 126 166 194 248 227 37
13 2 27 19 31 150 35 83 235 144 25
63 84 105 64 107 137 115 168 207 142 27
2 94 141 38 143 239 1 92 246 48 20
0 65 110 13 95 191 10 93 246 204 33
15 1 90 41 54 188 20 70 239 94 21
4 80 128 38 130 227 3 82 237 47 20
255 255 255 255 255 255 255 255 255 37 51
89 140 139 125 153 127 148 172 190 87 25
30 4 6 8 1 37 29 59 146 110 20
29 135 186 101 210 234 140 214 197 30 26
26 33 123 42 72 164 105 167 251 180 32
14 109 149 48 164 202 97 169 151 34 19
19 90 121 34 137 205 170 172 129 29 18
19 90 128 93 156 199 162 173 222 123 30
4 66 68 33 116 181 115 149 239 255 40
3 14 7 12 9 75 99 79 243 220 33
40 65 19 71 84 57 130 171 241 219 35
